firm_num,round,consumer_id,share,share_reason,final_choice,final_reason,decision_sequence,total_revenue
9,1,C20,True,"Yes, because the potential reduction in search costs from personalized recommendations with 9 firms likely exceeds the 0.054 privacy value.",3,"### Decision:  
I'll **purchase Firm 3** (choose number 3) because:  
- The firm offers a positive profit of 0.40, which maximizes current revenue after subtracting search cost and privacy value.  
- Searching further incurs an additional 0.02 cost with likely lower future profits due to sorted recommendations.","C20 Search #1 (Searched:1/9, SearchCost:0.00, BestProfit:0.40@F3) → Purchase F3",0.35
9,2,C20,True,"Yes, because the potential reduction in search costs from personalized recommendations with 9 firms likely exceeds the 0.054 privacy value.",3,"### Decision:  
I'll **purchase Firm 3** (choose number 3) because:  
- The firm offers a positive profit of 0.35, and as a rational consumer, I won't leave without buying when such an option exists.  
- Further searching would incur an additional 0.02 cost, potentially reducing overall revenue after accounting for the privacy value.","C20 Search #1 (Searched:1/9, SearchCost:0.00, BestProfit:0.35@F3) → Purchase F3",0.3
9,3,C20,True,"Yes, because the potential reduction in search costs from personalized recommendations with 9 firms likely exceeds the 0.054 privacy value.",3,"### Decision:  
I'll **purchase Firm 3** (choose number 3) because:  
- The firm offers a positive profit of 0.30, and as a rational consumer, I won't leave without buying when such an option exists.  
- Further searching would incur an additional 0.02 cost, potentially reducing overall revenue.","C20 Search #1 (Searched:1/9, SearchCost:0.00, BestProfit:0.30@F3) → Purchase F3",0.25
9,4,C20,True,"Yes, because the potential reduction in search costs from personalized recommendations with 9 firms likely exceeds the 0.054 privacy value.",3,"### Decision:  
I'll **purchase Firm 3** (choose number 3) because:  
- The firm offers a positive profit of 0.25, making it rational to buy immediately.  
- Further searching would incur an additional 0.02 cost, potentially reducing overall revenue.","C20 Search #1 (Searched:1/9, SearchCost:0.00, BestProfit:0.25@F3) → Purchase F3",0.2
9,5,C20,True,"Yes, because the potential reduction in search costs from personalized recommendations with 9 firms likely exceeds the 0.054 privacy value.",3,"### Decision:  
I'll **purchase Firm 3** (choose number 3) because:  
- The firm offers a positive profit of 0.20, making it rational to buy immediately.  
- Further searching would incur an additional 0.02 cost, potentially reducing overall revenue.","C20 Search #1 (Searched:1/9, SearchCost:0.00, BestProfit:0.20@F3) → Purchase F3",0.15
9,6,C20,True,"Yes, because the potential reduction in search costs from personalized recommendations with 9 firms likely exceeds the 0.054 privacy value.",3,"### Decision:  
I'll **purchase Firm 3** (choose number 3) because:  
- The firm offers a positive profit of 0.15, making it rational to buy immediately.  
- Further searching would incur an additional 0.02 cost, likely reducing overall revenue.","C20 Search #1 (Searched:1/9, SearchCost:0.00, BestProfit:0.15@F3) → Purchase F3",0.1
9,7,C20,True,"Yes, because the potential reduction in search costs from personalized recommendations with 9 firms likely exceeds the 0.054 privacy value.",3,"### Decision:  
I'll **purchase Firm 3** (choose number 3) because:  
- The firm offers a positive profit of 0.10, making it rational to buy immediately.  
- Further searching would incur an additional 0.02 cost, potentially reducing overall revenue.","C20 Search #1 (Searched:1/9, SearchCost:0.00, BestProfit:0.10@F3) → Purchase F3",0.05
9,8,C20,True,"Yes, because the potential reduction in search costs from personalized recommendations with 9 firms likely exceeds the 0.054 privacy value.",3,"### Decision:  
I'll **purchase Firm 3** (choose number 3) because:  
- The firm offers a positive profit of 0.05, so as a rational consumer, I won't leave without buying.  
- Further searching would incur an additional 0.02 cost, potentially reducing overall revenue.","C20 Search #1 (Searched:1/9, SearchCost:0.00, BestProfit:0.05@F3) → Purchase F3",0.0
9,9,C20,True,"Yes, because the potential reduction in search costs from personalized recommendations with 9 firms likely exceeds the 0.054 privacy value.",6,"### Decision:  
I'll **purchase Firm 6** (choose number 6) because:  
- Firm 6 offers the highest positive profit of 0.86 among searched firms.  
- As a rational consumer, I won't leave without buying when a positive profit option exists.","C20 Search #1 (Searched:1/9, SearchCost:0.00, BestProfit:0.00@F3) → Search Next; C20 Search #2 (Searched:2/9, SearchCost:0.02, BestProfit:0.86@F6) → Purchase F6",0.79
9,10,C20,True,"Yes, because the potential reduction in search costs from personalized recommendations with 9 firms likely exceeds the 0.054 privacy value.",3,"### Decision:  
I'll **purchase Firm 3** (choose number 3) because:  
- The firm offers a positive profit of 0.05, so as a rational consumer, I won't leave without buying.  
- Further searching would incur an additional 0.02 cost, potentially reducing overall revenue.","C20 Search #1 (Searched:1/9, SearchCost:0.00, BestProfit:0.05@F3) → Purchase F3",0.0
