firm_num,round,consumer_id,share,share_reason,final_choice,final_reason,decision_sequence,total_revenue,Privacy_Cost,Valuations
7,1,C1,True,"I am considering the trade-off between my privacy value of 0.042 and the potential benefits of sharing data. With 7 firms, personalized recommendations would significantly reduce search costs by optimizing the sequence based on my valuation, likely saving more than the privacy cost through fewer searches and better product matches. This increases expected total revenue.

Yes, because expected reduction in search costs and improved product selection outweigh the privacy cost.",2,"### Decision:
I'll **purchase Firm 2** because: 
- The firm offers a positive profit of 0.38, which is beneficial.
- Additional search costs 0.02 and is unlikely to yield a significantly better deal given the sorted valuation sequence.","C1 Search #1 (Searched:1/7, SearchCost:0.00, BestProfit:0.38@F2) → Purchase F2",0.34,0.042,"[0.57, 0.66, 0.98, 0.94, 0.77, 0.92, 0.03]"
7,1,C2,True,"Yes, because the privacy cost (0.027) is low compared to the potential search cost savings (up to 0.12 without sharing), and with 7 firms, personalized recommendations significantly reduce expected search costs, maximizing revenue.",4,"### Decision:
I'll **purchase Firm 4** (choose number 4) because: 
- It offers a positive profit of 0.39, ensuring immediate gain.
- Additional search costs 0.02 with uncertain benefit, given personalized sorting likely presents best options first.","C2 Search #1 (Searched:1/7, SearchCost:0.00, BestProfit:0.39@F4) → Purchase F4",0.36,0.027,"[0.33, 0.42, 0.39, 0.15, 0.94, 0.41, 0.9]"
7,1,C3,True,"Yes, because the potential reduction in search costs from personalized recommendations with 7 firms likely exceeds my privacy value of 0.029, making data sharing beneficial for maximizing total revenue.",5,"### Decision:
I'll **purchase Firm 5** (choose number 5) because: 
- The firm offers a positive profit of 0.36, ensuring immediate gain.
- Searching further may not yield a better deal and incurs an additional cost of 0.02.","C3 Search #1 (Searched:1/7, SearchCost:0.00, BestProfit:0.36@F5) → Purchase F5",0.33,0.029,"[0.36, 0.94, 0.26, 0.7, 0.48, 0.96, 0.89]"
7,1,C4,True,"Yes, because with 7 firms, personalized recommendations significantly reduce expected search costs (likely saving more than the 0.026 privacy cost through fewer searches).",3,"### Decision:
I'll **purchase Firm 3** (choose number 3) because: 
- The firm offers a positive profit of 0.31, which I must act on per rationality.
- Further searching costs 0.02 with uncertain benefits, and the sorted sequence suggests diminishing returns.","C4 Search #1 (Searched:1/7, SearchCost:0.00, BestProfit:0.31@F3) → Purchase F3",0.28,0.026,"[0.11, 0.68, 0.33, 0.86, 0.35, 0.29, 0.51]"
7,1,C5,True,"I am considering whether to share my data to receive personalized recommendations that could reduce search costs. With 7 firms, the recommendations are highly valuable, likely saving multiple searches. Each additional search costs 0.02, and the privacy cost is 0.026. If sharing saves at least two searches on average, the net savings would be positive (e.g., saving 0.04 minus 0.026 equals 0.014). Without sharing, search costs could average higher, potentially up to 0.12 in the worst case. Given the significant potential reduction in search costs with many firms, the benefits outweigh the privacy cost.

Yes, because expected search cost savings exceed the privacy cost with 7 firms.",1,"### Decision:
I'll **purchase Firm 1** (choose number 1) because: 
- It offers a positive profit of 0.35, ensuring a net revenue of 0.324 after accounting for privacy cost.
- Searching further would incur a 0.02 search cost with likely diminishing returns, as the personalized sequence suggests this may be a good deal already.","C5 Search #1 (Searched:1/7, SearchCost:0.00, BestProfit:0.35@F1) → Purchase F1",0.32,0.026,"[0.68, 0.95, 0.39, 0.32, 0.47, 0.31, 0.27]"
7,1,C6,True,"Yes, because with 7 firms, personalized recommendations will likely reduce search costs significantly (e.g., from 0.12 to less than 0.04 on average), exceeding the privacy cost of 0.04.",4,"### Decision:
I'll **purchase Firm 4** (choose number 4) because: 
- The firm offers a positive profit of 0.45.
- Per guidelines, I won't leave without buying if a searched firm has positive profit.","C6 Search #1 (Searched:1/7, SearchCost:0.00, BestProfit:0.45@F4) → Purchase F4",0.41,0.04,"[0.23, 0.97, 0.47, 0.01, 1.0, 0.89, 0.59]"
7,1,C7,True,"Yes, because with 7 firms, personalized recommendations will significantly reduce search costs and potentially increase product valuation, outweighing the small privacy cost of 0.026.",0,"### Decision:
I'll **purchase Firm 0** because: 
- It offers a positive profit of 0.15, which I must buy per rationality constraint.
- Searching risks additional cost of 0.02 with likely lower valuation next, reducing potential gain.","C7 Search #1 (Searched:1/7, SearchCost:0.00, BestProfit:0.15@F0) → Purchase F0",0.12,0.026,"[0.75, 0.64, 0.38, 0.62, 0.27, 0.57, 0.68]"
7,1,C8,True,"Yes, because with 7 firms, personalized recommendations significantly reduce expected search costs (potentially saving more than 0.042), outweighing the privacy cost.",2,"### Decision:
I'll **purchase Firm 2** (choose number 2) because: 
- It offers a positive profit of 0.39, ensuring a net gain.
- Additional search costs 0.02 and is unlikely to yield a deal better than 0.41, making it inefficient.","C8 Search #1 (Searched:1/7, SearchCost:0.00, BestProfit:0.39@F2) → Purchase F2",0.35,0.042,"[0.67, 0.61, 0.99, 0.16, 0.32, 0.6, 0.46]"
7,1,C9,True,"Yes, because with 7 firms, personalized recommendations can significantly reduce expected search costs (potentially saving more than the privacy value of 0.026 by minimizing unnecessary searches), outweighing the small privacy cost.",5,"### Decision:
I'll **purchase Firm 5** because: 
- It offers a positive profit of 0.3, ensuring immediate gain.
- Additional search costs 0.02 and may not yield a better deal, given the personalized sorting.","C9 Search #1 (Searched:1/7, SearchCost:0.00, BestProfit:0.30@F5) → Purchase F5",0.27,0.026,"[0.75, 0.03, 0.17, 0.12, 0.64, 0.9, 0.57]"
7,1,C10,True,"Yes, because with 7 firms, personalized recommendations can significantly reduce expected search costs (potentially saving more than the 0.037 privacy cost) by minimizing unnecessary searches.",1,"### Decision:
I'll **purchase Firm 1** (choose number 1) because: 
- Positive profit of 0.28 is available, and I won't leave without buying.
- With data sharing sorting by valuation, additional search is unlikely to yield a better deal, avoiding unnecessary cost of 0.02.","C10 Search #1 (Searched:1/7, SearchCost:0.00, BestProfit:0.28@F1) → Purchase F1",0.24,0.037,"[0.56, 0.88, 0.62, 0.03, 0.68, 0.02, 0.73]"
7,1,C11,True,"Yes, because with 7 firms, personalized recommendations will likely reduce search costs more than the privacy cost of 0.031.",2,"### Decision:
I'll **purchase Firm 2** because: 
- It offers a positive profit of 0.1, ensuring immediate gain.
- Further searches may yield lower valuations and profits, with search cost of 0.02 unlikely to be offset.","C11 Search #1 (Searched:1/7, SearchCost:0.00, BestProfit:0.10@F2) → Purchase F2",0.07,0.031,"[0.05, 0.18, 0.7, 0.1, 0.05, 0.56, 0.55]"
7,1,C12,True,"Yes, because with 7 firms, personalized recommendations will likely reduce search costs by more than the privacy value of 0.049, offsetting the privacy cost and maximizing total revenue.",0,"### Decision:
I'll **purchase Firm 0** (choose number 0) because: 
- The firm offers a positive profit of 0.28, ensuring a gain.
- Additional search costs 0.02 with uncertain and likely small improvement due to valuation-based sorting.","C12 Search #1 (Searched:1/7, SearchCost:0.00, BestProfit:0.28@F0) → Purchase F0",0.23,0.049,"[0.88, 0.31, 0.84, 0.59, 0.64, 0.78, 0.37]"
7,1,C13,True,"Yes, because with 7 firms, personalized recommendations are likely to significantly reduce search costs (potentially by more than the 0.039 privacy cost), outweighing the privacy loss and maximizing expected revenue.",3,"### Decision:
I'll **purchase Firm 3** (choose number 3) because: 
- The firm offers a positive profit of 0.39, ensuring immediate gain.
- With data sharing and sorted recommendations, this high-valuation firm is likely optimal, minimizing unnecessary search costs.","C13 Search #1 (Searched:1/7, SearchCost:0.00, BestProfit:0.39@F3) → Purchase F3",0.35,0.039,"[0.78, 0.53, 0.7, 0.94, 0.87, 0.76, 0.72]"
7,1,C14,True,"Yes, because with 7 firms, personalized recommendations significantly reduce expected search costs (likely by more than my privacy value of 0.049), outweighing the privacy cost while maximizing total revenue.",2,"### Decision:
I'll **purchase Firm 2** (choose number 2) because: 
- The firm offers a positive profit of 0.32, ensuring immediate gain.
- As a rational consumer, I won't leave without buying when positive profit is available.","C14 Search #1 (Searched:1/7, SearchCost:0.00, BestProfit:0.32@F2) → Purchase F2",0.27,0.049,"[0.71, 0.63, 0.92, 0.04, 0.34, 0.59, 0.2]"
7,1,C15,True,"Yes, because with 7 firms, personalized recommendations will likely reduce search costs by more than the privacy value of 0.04, offsetting the privacy cost and maximizing expected total revenue.",6,"### Decision:  
I'll **purchase Firm 6** (choose number 6) because:  
- It offers a positive profit of 0.39, which is rational to accept.  
- Further searches are unlikely to yield higher profit due to valuation-sorted order, and the 0.02 search cost outweighs potential gains.","C15 Search #1 (Searched:1/7, SearchCost:0.00, BestProfit:0.39@F6) → Purchase F6",0.35,0.04,"[0.32, 0.74, 0.36, 0.03, 0.33, 0.79, 0.99]"
7,1,C16,True,"Yes, because with 7 firms, personalized recommendations are highly valuable and likely reduce search costs significantly (e.g., from a potential 0.12 to less than 0.04), exceeding the privacy cost of 0.036.",4,"### Decision:
I'll **purchase Firm 4** (choose number 4) because: 
- The firm offers a positive profit of 0.41, and as a rational consumer, I won't leave without buying when such an opportunity exists.
- Searching further would incur an additional cost of 0.02 with uncertain benefits, making it suboptimal given the current positive net gain.","C16 Search #1 (Searched:1/7, SearchCost:0.00, BestProfit:0.41@F4) → Purchase F4",0.37,0.036,"[0.24, 0.76, 0.09, 0.65, 0.96, 0.08, 0.79]"
7,1,C17,True,"Yes, because with 7 firms, personalized recommendations significantly reduce expected search costs (likely saving more than the 0.027 privacy cost).",5,"### Decision:
I'll **purchase Firm 5** (choose number 5) because: 
- The firm offers a positive profit of 0.3, ensuring immediate gain.
- Searching further would add a search cost of 0.02 with uncertain benefits, reducing expected revenue.","C17 Search #1 (Searched:1/7, SearchCost:0.00, BestProfit:0.30@F5) → Purchase F5",0.27,0.027,"[0.88, 0.14, 0.75, 0.56, 0.52, 0.9, 0.59]"
7,1,C18,True,"Yes, because with 7 firms, personalized recommendations will significantly reduce expected search costs, likely exceeding the privacy cost of 0.032.",6,"### Decision:
I'll **purchase Firm 6** (choose number 6) because: 
- The firm offers a positive profit of 0.36, which is beneficial.
- As a rational consumer, I must buy when positive profit is available and won't search further.","C18 Search #1 (Searched:1/7, SearchCost:0.00, BestProfit:0.36@F6) → Purchase F6",0.33,0.032,"[0.67, 0.21, 0.68, 0.67, 0.69, 0.34, 0.96]"
7,1,C19,True,"Yes, because with 7 firms, personalized recommendations will likely reduce search costs by more than the privacy cost of 0.035, justifying the trade-off for maximizing revenue.",1,"### Decision:
I'll **purchase Firm 1** because: 
- It offers a positive profit of 0.09, ensuring a gain. 
- As a rational consumer, I won't leave without buying when positive profit is available from searched firms.","C19 Search #1 (Searched:1/7, SearchCost:0.00, BestProfit:0.09@F1) → Purchase F1",0.05,0.035,"[0.58, 0.69, 0.1, 0.6, 0.64, 0.32, 0.3]"
7,1,C20,True,"Yes, because with 7 firms, personalized recommendations will likely reduce search costs significantly, offsetting the privacy cost of 0.028.",4,"### Decision:
I'll **purchase Firm 4** (choose number 4) because: 
- The firm offers a positive profit of 0.35, which is beneficial.
- Rationality requires buying when positive profit is available, avoiding unnecessary search costs.","C20 Search #1 (Searched:1/7, SearchCost:0.00, BestProfit:0.35@F4) → Purchase F4",0.32,0.028,"[0.79, 0.83, 0.71, 0.34, 0.9, 0.01, 0.16]"
7,2,C1,True,"Yes, because with 7 firms, personalized recommendations will likely reduce search costs (e.g., from an average of 0.04–0.12 without sharing to near 0) and improve product matching, exceeding the privacy cost of 0.042 and maximizing revenue.",2,"### Decision:
I'll **purchase Firm 2** because: 
- It offers a positive profit of 0.38, ensuring immediate gain.
- Further searches cost 0.02 and are unlikely to improve profit significantly, given the personalized sorting by decreasing valuation.","C1 Search #1 (Searched:1/7, SearchCost:0.00, BestProfit:0.38@F2) → Purchase F2",0.34,0.042,"[0.57, 0.66, 0.98, 0.94, 0.77, 0.92, 0.03]"
7,2,C2,True,"Yes, because the privacy cost of 0.027 is low compared to the significant potential reduction in search costs (e.g., from 0.12 without sharing to near 0.00 with personalized sorting for 7 firms), maximizing expected revenue.",4,"### Decision:
I'll **purchase Firm 4** (choose number 4) because: 
- It offers a positive profit of 0.34, ensuring immediate gain.
- With personalized recommendations, additional searches are unlikely to yield significant improvement, and the search cost of 0.02 outweighs potential benefits.","C2 Search #1 (Searched:1/7, SearchCost:0.00, BestProfit:0.34@F4) → Purchase F4",0.31,0.027,"[0.33, 0.42, 0.39, 0.15, 0.94, 0.41, 0.9]"
7,2,C3,True,"Yes, because with 7 firms, personalized recommendations are likely to reduce search costs significantly (e.g., from up to 0.12 to near 0), exceeding my privacy value of 0.029 and maximizing revenue.",5,"### Decision:
I'll **purchase Firm 5** (choose number 5) because: 
- The firm offers a positive profit of 0.26, ensuring a gain.
- Additional search costs 0.02 and is unlikely to yield better profit given personalized ordering.","C3 Search #1 (Searched:1/7, SearchCost:0.00, BestProfit:0.26@F5) → Purchase F5",0.23,0.029,"[0.36, 0.94, 0.26, 0.7, 0.48, 0.96, 0.89]"
7,2,C4,True,"Yes, because with 7 firms, personalized recommendations will likely reduce search costs significantly (e.g., from up to 0.12 without sharing to near 0.00 with sharing), outweighing the low privacy cost of 0.026.",3,"### Decision:
I'll **purchase Firm 3** (choose number 3) because: 
- The firm offers a positive profit of 0.26, which I must act on per rationality.
- Searching another firm costs 0.02 with uncertain benefits and likely lower valuation due to sorted sequence.","C4 Search #1 (Searched:1/7, SearchCost:0.00, BestProfit:0.26@F3) → Purchase F3",0.23,0.026,"[0.11, 0.68, 0.33, 0.86, 0.35, 0.29, 0.51]"
7,2,C5,True,"Yes, because with 7 firms, personalized recommendations likely reduce search costs significantly (e.g., from an expected 0.04-0.12 without sharing to near 0.00 with early good deals), exceeding the low privacy cost of 0.026 and maximizing revenue.",1,"### Decision:
I'll **purchase Firm 1** (choose number 1) because: 
- It offers a positive profit of 0.25, ensuring immediate net revenue.
- Searching further incurs a 0.02 cost with low expected gain due to personalized sorting.","C5 Search #1 (Searched:1/7, SearchCost:0.00, BestProfit:0.25@F1) → Purchase F1",0.22,0.026,"[0.68, 0.95, 0.39, 0.32, 0.47, 0.31, 0.27]"
7,2,C6,True,"Yes, because with 7 firms, personalized recommendations will significantly reduce expected search costs (e.g., from 0.12 to near 0), exceeding the privacy cost of 0.04 and maximizing revenue.",4,"### Decision:
I'll **purchase Firm 4** (choose number 4) because: 
- The firm offers a positive profit of 0.4, and rational behavior dictates buying when such an option exists.
- With personalized recommendations sorting from highest to lowest value, additional searches are unlikely to improve the deal and would add unnecessary search costs of 0.02.","C6 Search #1 (Searched:1/7, SearchCost:0.00, BestProfit:0.40@F4) → Purchase F4",0.36,0.04,"[0.23, 0.97, 0.47, 0.01, 1.0, 0.89, 0.59]"
7,2,C7,True,"Yes, because with 7 firms, personalized recommendations will significantly reduce expected search costs (e.g., from 0.12 to less than 0.04), far exceeding the low privacy cost of 0.026, thus maximizing revenue.",0,"### Decision:
I'll **purchase Firm 0** because: 
- It offers a positive profit of 0.05, which I must buy per rationality constraint.
- Searching another firm costs 0.02 and likely yields lower valuation and profit due to sorted sequence, reducing potential revenue.","C7 Search #1 (Searched:1/7, SearchCost:0.00, BestProfit:0.05@F0) → Purchase F0",0.02,0.026,"[0.75, 0.64, 0.38, 0.62, 0.27, 0.57, 0.68]"
7,2,C8,True,"Yes, because with 7 firms, personalized recommendations significantly reduce expected search costs (e.g., from a potential 0.12 without sharing to near 0), likely exceeding the privacy cost of 0.042, while also increasing the chance of higher valuation and profit.",2,"### Decision:
I'll **purchase Firm 2** (choose number 2) because: 
- It offers a positive profit of 0.39, ensuring a net gain.
- Additional search costs 0.02 and is unlikely to improve profit given the personalized order from highest to lowest value.","C8 Search #1 (Searched:1/7, SearchCost:0.00, BestProfit:0.39@F2) → Purchase F2",0.35,0.042,"[0.67, 0.61, 0.99, 0.16, 0.32, 0.6, 0.46]"
7,2,C9,True,"Yes, because with 7 firms, personalized recommendations will significantly reduce expected search costs (e.g., from potential 0.12 to near 0.00), easily offsetting the low privacy cost of 0.026 and maximizing revenue.",5,"### Decision:
I'll **purchase Firm 5** because: 
- It offers a positive profit of 0.2, ensuring immediate gain.
- Additional search costs 0.02 and is unlikely to yield a better deal with personalized sorting by valuation.","C9 Search #1 (Searched:1/7, SearchCost:0.00, BestProfit:0.20@F5) → Purchase F5",0.17,0.026,"[0.75, 0.03, 0.17, 0.12, 0.64, 0.9, 0.57]"
7,2,C10,True,"Yes, because with 7 firms, personalized recommendations significantly reduce expected search costs (potentially from 0.12 to near 0), outweighing the privacy cost of 0.037 and maximizing revenue based on past experience and broadcast insights.",1,"### Decision:
I'll **purchase Firm 1** (choose number 1) because: 
- The firm offers a positive profit of 0.18, and as a rational consumer, I won't leave without buying when such an option exists.
- With data sharing and recommendations sorted by valuation, additional searches are unlikely to yield a better deal, and the search cost of 0.02 outweighs the potential marginal gain.","C10 Search #1 (Searched:1/7, SearchCost:0.00, BestProfit:0.18@F1) → Purchase F1",0.14,0.037,"[0.56, 0.88, 0.62, 0.03, 0.68, 0.02, 0.73]"
7,2,C11,True,"Yes, because with 7 firms, personalized recommendations will likely reduce search costs and improve product matching, exceeding the privacy cost of 0.031 based on past benefits.",2,"### Decision:
I'll **purchase Firm 2** because: 
- It offers a positive profit of 0.1 with no additional search cost needed.
- Further searches, costing 0.02 each, are unlikely to yield higher profit given the personalized, decreasing valuation order.","C11 Search #1 (Searched:1/7, SearchCost:0.00, BestProfit:0.10@F2) → Purchase F2",0.07,0.031,"[0.05, 0.18, 0.7, 0.1, 0.05, 0.56, 0.55]"
7,2,C12,True,"Yes, because with 7 firms, personalized recommendations will likely reduce search costs significantly (e.g., from an average of 0.04-0.12 without sharing to near 0), exceeding the privacy cost of 0.049 and maximizing total revenue.",0,"### Decision:
I'll **purchase Firm 0** (choose number 0) because: 
- The firm offers a positive profit of 0.18, ensuring a gain.
- Additional search costs 0.02 with uncertain and likely small improvement due to valuation-based sorting.","C12 Search #1 (Searched:1/7, SearchCost:0.00, BestProfit:0.18@F0) → Purchase F0",0.13,0.049,"[0.88, 0.31, 0.84, 0.59, 0.64, 0.78, 0.37]"
7,2,C13,True,"Yes, because with 7 firms, personalized recommendations significantly reduce expected search costs (e.g., from 0.12 without sharing to near 0.00 with sharing), outweighing the privacy cost of 0.039 and maximizing revenue.",3,"### Decision:
I'll **purchase Firm 3** (choose number 3) because: 
- The firm offers a positive profit of 0.34, ensuring a gain.
- With data-shared recommendations sorted by highest valuation, this is likely the optimal choice, and further search costs (0.02) may not yield better returns.","C13 Search #1 (Searched:1/7, SearchCost:0.00, BestProfit:0.34@F3) → Purchase F3",0.3,0.039,"[0.78, 0.53, 0.7, 0.94, 0.87, 0.76, 0.72]"
7,2,C14,True,"Yes, because with 7 firms, personalized recommendations significantly reduce expected search costs (likely by more than 0.049), outweighing the privacy cost and maximizing revenue based on past experience and trade-off analysis.",2,"### Decision:
I'll **purchase Firm 2** (choose number 2) because: 
- The firm offers a positive profit of 0.32, ensuring immediate gain as a rational consumer.
- Additional searches cost 0.02 and are unlikely to improve profit significantly, given personalized recommendations.","C14 Search #1 (Searched:1/7, SearchCost:0.00, BestProfit:0.32@F2) → Purchase F2",0.27,0.049,"[0.71, 0.63, 0.92, 0.04, 0.34, 0.59, 0.2]"
7,2,C15,True,"Yes, because with 7 firms, personalized recommendations will likely reduce search costs significantly (e.g., from up to 0.12 to less than 0.04 on average), exceeding the privacy cost of 0.04.",6,"### Decision:  
I'll **purchase Firm 6** (choose number 6) because:  
- It offers a positive profit of 0.29, which is rational to accept given my rational behavior.  
- With data sharing and sorted recommendations, further searches are unlikely to yield better profit, and the 0.02 search cost outweighs potential gains.","C15 Search #1 (Searched:1/7, SearchCost:0.00, BestProfit:0.29@F6) → Purchase F6",0.25,0.04,"[0.32, 0.74, 0.36, 0.03, 0.33, 0.79, 0.99]"
7,2,C16,True,"Yes, because with 7 firms, personalized recommendations will likely reduce search costs substantially (e.g., from 0.12 to near 0), outweighing the privacy cost of 0.036 and maximizing expected revenue.",4,"### Decision:
I'll **purchase Firm 4** (choose number 4) because: 
- The firm offers a positive profit of 0.36, and as a rational consumer, I won't leave without buying when such an opportunity exists.
- Searching further would incur an additional cost of 0.02 with uncertain benefits, likely yielding lower profit due to personalized sorting from highest to lowest value.","C16 Search #1 (Searched:1/7, SearchCost:0.00, BestProfit:0.36@F4) → Purchase F4",0.32,0.036,"[0.24, 0.76, 0.09, 0.65, 0.96, 0.08, 0.79]"
7,2,C17,True,"Yes, because with 7 firms, personalized recommendations significantly reduce expected search costs (e.g., from 0.12 to near 0), far exceeding the low privacy cost of 0.027.",5,"### Decision:
I'll **purchase Firm 5** (choose number 5) because: 
- It offers a positive profit of 0.2, ensuring immediate gain.
- Further searching costs 0.02 with uncertain benefits, likely reducing expected revenue due to personalized sorting.","C17 Search #1 (Searched:1/7, SearchCost:0.00, BestProfit:0.20@F5) → Purchase F5",0.17,0.027,"[0.88, 0.14, 0.75, 0.56, 0.52, 0.9, 0.59]"
7,2,C18,True,"Yes, because with 7 firms, personalized recommendations will likely reduce search costs significantly (e.g., from an average of 0.06+ to near 0), exceeding the privacy cost of 0.032 and maximizing revenue based on past experience.",6,"### Decision:
I'll **purchase Firm 6** (choose number 6) because: 
- Firm 6 offers a positive profit of 0.26, ensuring immediate gain.
- As a rational consumer, I must buy when positive profit is available and avoid unnecessary search costs.","C18 Search #1 (Searched:1/7, SearchCost:0.00, BestProfit:0.26@F6) → Purchase F6",0.23,0.032,"[0.67, 0.21, 0.68, 0.67, 0.69, 0.34, 0.96]"
7,2,C19,True,"Yes, because with 7 firms, personalized recommendations are likely to reduce search costs significantly (e.g., from a potential 0.12 to near 0), exceeding the privacy cost of 0.035 and maximizing revenue.",-1,"### Decision:
I'll **leave** (choose number -1) because: 
- The only searched firm has negative profit (-0.01), offering no gain from purchasing.
- With personalized recommendations sorting by valuation high to low, additional searches are likely to yield worse or negative profits, and the 0.02 search cost increases potential loss without guaranteed benefit.","C19 Search #1 (Searched:1/7, SearchCost:0.00, BestProfit:-0.01@F1) → Leave Market",-0.04,0.035,"[0.58, 0.69, 0.1, 0.6, 0.64, 0.32, 0.3]"
7,2,C20,True,"Yes, because with 7 firms, personalized recommendations will significantly reduce search costs (e.g., from potential 0.12 to near 0.00), easily offsetting the low privacy cost of 0.028.",4,"### Decision:
I'll **purchase Firm 4** (choose number 4) because: 
- The firm offers a positive profit of 0.3, which is rational to accept.
- With personalized recommendations sorting by valuation, additional searches may yield diminishing returns, and the search cost of 0.02 risks reducing net revenue.","C20 Search #1 (Searched:1/7, SearchCost:0.00, BestProfit:0.30@F4) → Purchase F4",0.27,0.028,"[0.79, 0.83, 0.71, 0.34, 0.9, 0.01, 0.16]"
7,3,C1,True,"Yes, because with 7 firms, personalized recommendations will greatly reduce expected search costs (e.g., from 0.12 to near 0), exceeding the privacy cost of 0.042 and maximizing revenue.",2,"### Decision:
I'll **purchase Firm 2** because: 
- It offers a positive profit of 0.33, ensuring immediate gain.
- Additional searches cost 0.02 and are unlikely to yield a significantly better deal, given the personalized sorting by decreasing valuation.","C1 Search #1 (Searched:1/7, SearchCost:0.00, BestProfit:0.33@F2) → Purchase F2",0.29,0.042,"[0.57, 0.66, 0.98, 0.94, 0.77, 0.92, 0.03]"
7,3,C2,True,"Yes, because the privacy cost of 0.027 is low compared to the significant potential reduction in search costs (e.g., from 0.12 without sharing to near 0 with personalized recommendations for 7 firms), maximizing expected revenue.",4,"### Decision:
I'll **purchase Firm 4** (choose number 4) because: 
- It offers a positive profit of 0.29, ensuring immediate gain.
- Additional search costs 0.02 and is unlikely to yield significant improvement with personalized sorting.","C2 Search #1 (Searched:1/7, SearchCost:0.00, BestProfit:0.29@F4) → Purchase F4",0.26,0.027,"[0.33, 0.42, 0.39, 0.15, 0.94, 0.41, 0.9]"
7,3,C3,True,"Yes, because with 7 firms, personalized recommendations will likely reduce search costs significantly (e.g., from an average increase without sharing to near 0), exceeding my low privacy value of 0.029 and maximizing revenue.",5,"### Decision:
I'll **purchase Firm 5** (choose number 5) because: 
- The firm offers a positive profit of 0.36, ensuring a gain.
- Additional search costs 0.02 and is unlikely to yield a better deal due to personalized sorting by valuation.","C3 Search #1 (Searched:1/7, SearchCost:0.00, BestProfit:0.36@F5) → Purchase F5",0.33,0.029,"[0.36, 0.94, 0.26, 0.7, 0.48, 0.96, 0.89]"
7,3,C4,True,"Yes, because with 7 firms, personalized recommendations will likely reduce search costs significantly (e.g., from up to 0.12 without sharing to near 0.00), outweighing the low privacy cost of 0.026 and maximizing revenue.",3,"### Decision:  
I'll **purchase Firm 3** (choose number 3) because:  
- It offers a positive profit of 0.21, requiring purchase per rationality.  
- Further searching costs 0.02 with likely lower profits due to sorted recommendations, making it uneconomical.","C4 Search #1 (Searched:1/7, SearchCost:0.00, BestProfit:0.21@F3) → Purchase F3",0.18,0.026,"[0.11, 0.68, 0.33, 0.86, 0.35, 0.29, 0.51]"
7,3,C5,True,"Yes, because with 7 firms, personalized recommendations will likely reduce expected search costs (e.g., from 0.04–0.12 without sharing to near 0.00), providing net savings that exceed the privacy cost of 0.026 and maximize revenue.",1,"### Decision:
I'll **purchase Firm 1** (choose number 1) because: 
- It offers a positive profit of 0.35, ensuring immediate net revenue.
- Searching further would cost 0.02 with low expected gain, given personalized sorting prioritizes high-value options.","C5 Search #1 (Searched:1/7, SearchCost:0.00, BestProfit:0.35@F1) → Purchase F1",0.32,0.026,"[0.68, 0.95, 0.39, 0.32, 0.47, 0.31, 0.27]"
7,3,C6,True,"Yes, because with 7 firms, personalized recommendations significantly reduce expected search costs (e.g., from 0.12 to near 0), exceeding the privacy cost of 0.04 and maximizing revenue.",4,"### Decision:  
I'll **purchase Firm 4** (choose number 4) because:  
- It offers a positive profit of 0.35, and rational behavior requires buying when such an option exists.  
- With personalized recommendations sorting from highest to lowest value, additional searches are unlikely to improve the deal and would incur extra search costs.","C6 Search #1 (Searched:1/7, SearchCost:0.00, BestProfit:0.35@F4) → Purchase F4",0.31,0.04,"[0.23, 0.97, 0.47, 0.01, 1.0, 0.89, 0.59]"
7,3,C7,True,"Yes, because with 7 firms, personalized recommendations will significantly reduce expected search costs (e.g., from up to 0.12 without sharing to near 0), easily outweighing the low privacy cost of 0.026 and maximizing revenue.",0,"### Decision:
I'll **purchase Firm 0** because: 
- It offers a positive profit of 0.10, which I must buy per rationality constraint.
- Searching another firm costs 0.02 and likely yields lower valuation due to sorted sequence, making the potential gain not worth the cost.","C7 Search #1 (Searched:1/7, SearchCost:0.00, BestProfit:0.10@F0) → Purchase F0",0.07,0.026,"[0.75, 0.64, 0.38, 0.62, 0.27, 0.57, 0.68]"
7,3,C8,True,"Yes, because with 7 firms, personalized recommendations will likely reduce search costs (e.g., from an average of 0.06–0.12 without sharing to near 0), exceeding the privacy cost of 0.042 and maximizing revenue.",2,"### Decision:
I'll **purchase Firm 2** (choose number 2) because: 
- It offers a positive profit of 0.34, ensuring a net gain.
- Additional search costs 0.02 and is unlikely to yield a better deal given the personalized order from highest to lowest valuation.","C8 Search #1 (Searched:1/7, SearchCost:0.00, BestProfit:0.34@F2) → Purchase F2",0.3,0.042,"[0.67, 0.61, 0.99, 0.16, 0.32, 0.6, 0.46]"
7,3,C9,True,"Yes, because with 7 firms, personalized recommendations will likely reduce search costs substantially (e.g., from 0.12 to near 0), easily outweighing the low privacy cost of 0.026 and maximizing revenue.",5,"### Decision:
I'll **purchase Firm 5** because: 
- It offers a positive profit of 0.3, ensuring an immediate gain.
- Additional search costs 0.02 and is unlikely to yield a better deal, given personalized sorting by valuation.","C9 Search #1 (Searched:1/7, SearchCost:0.00, BestProfit:0.30@F5) → Purchase F5",0.27,0.026,"[0.75, 0.03, 0.17, 0.12, 0.64, 0.9, 0.57]"
7,3,C10,True,"Yes, because with 7 firms, personalized recommendations significantly reduce expected search costs (e.g., from 0.12 to near 0), likely exceeding the privacy cost of 0.037 and maximizing revenue based on past experiences and broadcast insights.",1,"### Decision:
I'll **purchase Firm 1** (choose number 1) because: 
- The firm offers a positive profit of 0.28, and as a rational consumer, I won't leave without buying when such an option exists.
- With data sharing and personalized recommendations sorted by valuation, additional searches are unlikely to yield a better deal, and the search cost of 0.02 would likely outweigh any marginal gain.","C10 Search #1 (Searched:1/7, SearchCost:0.00, BestProfit:0.28@F1) → Purchase F1",0.24,0.037,"[0.56, 0.88, 0.62, 0.03, 0.68, 0.02, 0.73]"
7,3,C11,True,"Yes, because personalized recommendations with 7 firms will likely reduce search costs more than the privacy cost of 0.031, based on past benefits and top consumer outcomes.",2,"### Decision:  
I'll **purchase Firm 2** because:  
- It offers a positive profit of 0.05 with no additional search cost.  
- Further searches, costing 0.02, are unlikely to yield a better profit given the personalized descending valuation order.","C11 Search #1 (Searched:1/7, SearchCost:0.00, BestProfit:0.05@F2) → Purchase F2",0.02,0.031,"[0.05, 0.18, 0.7, 0.1, 0.05, 0.56, 0.55]"
7,3,C12,True,"Yes, because with 7 firms, personalized recommendations will likely reduce search costs significantly (e.g., from 0.12 without sharing to near 0), exceeding the privacy cost of 0.049 and maximizing revenue.",0,"### Decision:
I'll **purchase Firm 0** (choose number 0) because: 
- The firm offers a positive profit of 0.23, ensuring a gain and adhering to rational behavior.
- Searching another firm costs 0.02 and is likely to yield lower profit due to decreasing valuation order, with uncertain benefits not justifying the expense.","C12 Search #1 (Searched:1/7, SearchCost:0.00, BestProfit:0.23@F0) → Purchase F0",0.18,0.049,"[0.88, 0.31, 0.84, 0.59, 0.64, 0.78, 0.37]"
7,3,C13,True,"Yes, because with 7 firms, personalized recommendations will likely reduce search costs significantly (e.g., from an average of 0.04–0.12 without sharing to near 0), outweighing the privacy cost of 0.039 and maximizing expected revenue, as supported by historical data.",3,"### Decision:  
I'll **purchase Firm 3** (choose number 3) because:  
- The firm provides a positive profit of 0.29, ensuring an immediate gain.  
- With data-shared personalized recommendations sorted by highest valuation, this is likely the optimal option, and additional search costs of 0.02 may not yield better returns.","C13 Search #1 (Searched:1/7, SearchCost:0.00, BestProfit:0.29@F3) → Purchase F3",0.25,0.039,"[0.78, 0.53, 0.7, 0.94, 0.87, 0.76, 0.72]"
7,3,C14,True,"Yes, because with 7 firms, personalized recommendations significantly reduce expected search costs (e.g., from up to 0.12 without sharing to near 0), likely exceeding my privacy cost of 0.049 and maximizing revenue based on past experiences and trade-off analysis.",2,"### Decision:
I'll **purchase Firm 2** (choose number 2) because: 
- The firm provides a positive profit of 0.27, which I can secure immediately.
- Additional searches cost 0.02 and are unlikely to improve profit, given personalized recommendations sort firms from highest to lowest value.","C14 Search #1 (Searched:1/7, SearchCost:0.00, BestProfit:0.27@F2) → Purchase F2",0.22,0.049,"[0.71, 0.63, 0.92, 0.04, 0.34, 0.59, 0.2]"
7,3,C15,True,"Yes, because with 7 firms, personalized recommendations greatly reduce expected search costs (e.g., from 0.12 to near 0), exceeding the privacy cost of 0.04 and maximizing revenue.",6,"### Decision:  
I'll **purchase Firm 6** (choose number 6) because:  
- It offers a positive profit of 0.34, which is rational to accept given my behavior.  
- With data-shared recommendations sorting by valuation, further searches are unlikely to yield a significantly better profit, and the 0.02 search cost outweighs potential gains.","C15 Search #1 (Searched:1/7, SearchCost:0.00, BestProfit:0.34@F6) → Purchase F6",0.3,0.04,"[0.32, 0.74, 0.36, 0.03, 0.33, 0.79, 0.99]"
7,3,C16,True,"Yes, because with 7 firms, personalized recommendations will likely reduce search costs from a potential 0.12 without sharing to near 0, exceeding the privacy cost of 0.036 and maximizing revenue.",4,"### Decision:  
I'll **purchase Firm 4** (choose number 4) because:  
- The firm offers a positive profit of 0.31, and as a rational consumer, I won't leave without buying when such an opportunity exists.  
- Searching further would incur an additional cost of 0.02 with uncertain benefits, likely yielding lower or no profit due to personalized sorting from highest to lowest value.","C16 Search #1 (Searched:1/7, SearchCost:0.00, BestProfit:0.31@F4) → Purchase F4",0.27,0.036,"[0.24, 0.76, 0.09, 0.65, 0.96, 0.08, 0.79]"
7,3,C17,True,"Yes, because with 7 firms, personalized recommendations will likely reduce search costs (e.g., from 0.12 to near 0), exceeding the privacy cost of 0.027 and maximizing revenue.",5,"### Decision:  
I'll **purchase Firm 5** (choose number 5) because:  
- It offers a positive profit of 0.3, ensuring a gain.  
- Further searching costs 0.02 with no expected improvement due to personalized sorting prioritizing higher-value firms first.","C17 Search #1 (Searched:1/7, SearchCost:0.00, BestProfit:0.30@F5) → Purchase F5",0.27,0.027,"[0.88, 0.14, 0.75, 0.56, 0.52, 0.9, 0.59]"
7,3,C18,True,"Yes, because with 7 firms, personalized recommendations will significantly reduce expected search costs (e.g., from 0.12 to near 0), outweighing the privacy cost of 0.032 and maximizing revenue based on past experience.",6,"### Decision:
I'll **purchase Firm 6** (choose number 6) because: 
- Firm 6 offers a positive profit of 0.31, ensuring immediate gain.
- As the first firm in personalized recommendations sorted by highest valuation, it's likely the best option, and further searching could increase costs without guaranteed improvement.","C18 Search #1 (Searched:1/7, SearchCost:0.00, BestProfit:0.31@F6) → Purchase F6",0.28,0.032,"[0.67, 0.21, 0.68, 0.67, 0.69, 0.34, 0.96]"
7,3,C19,True,"Yes, because with 7 firms, personalized recommendations will likely reduce search costs (e.g., from a potential 0.12 without sharing to near 0) by more than the privacy cost of 0.035, maximizing expected revenue based on past beneficial experiences.",-1,"### Decision:
I'll **leave** (choose number -1) because: 
- The only searched firm has negative profit (-0.01), offering no gain.
- With personalized recommendations sorting by decreasing valuation, additional searches are likely to yield worse profits, and the 0.02 search cost outweighs potential benefits.","C19 Search #1 (Searched:1/7, SearchCost:0.00, BestProfit:0.09@F1) → Leave Market",-0.04,0.035,"[0.58, 0.69, 0.1, 0.6, 0.64, 0.32, 0.3]"
7,3,C20,True,"Yes, because with 7 firms, personalized recommendations will significantly reduce expected search costs (e.g., from 0.12 without sharing to near 0), easily offsetting the low privacy cost of 0.028 and maximizing revenue.",4,"### Decision:
I'll **purchase Firm 4** (choose number 4) because: 
- The firm offers a positive profit of 0.25, making it rational to buy immediately.
- With personalized recommendations sorting by highest valuation, additional searches are unlikely to improve profit and would add unnecessary search costs.","C20 Search #1 (Searched:1/7, SearchCost:0.00, BestProfit:0.25@F4) → Purchase F4",0.22,0.028,"[0.79, 0.83, 0.71, 0.34, 0.9, 0.01, 0.16]"
7,4,C1,True,"Yes, because with 7 firms, personalized recommendations will significantly reduce expected search costs (e.g., from 0.04–0.12 without sharing to near 0), exceeding the privacy cost of 0.042 and maximizing revenue through fewer searches and better product matching.",2,"### Decision:
I'll **purchase Firm 2** because: 
- It offers a positive profit of 0.33, ensuring immediate gain.
- Additional searches cost 0.02 and are unlikely to yield a significantly better deal, given the personalized sorting by decreasing valuation.","C1 Search #1 (Searched:1/7, SearchCost:0.00, BestProfit:0.33@F2) → Purchase F2",0.29,0.042,"[0.57, 0.66, 0.98, 0.94, 0.77, 0.92, 0.03]"
7,4,C2,True,"Yes, because with 7 firms, personalized recommendations significantly reduce expected search costs, outweighing the low privacy cost of 0.027 and maximizing revenue.",4,"### Decision:
I'll **purchase Firm 4** (choose number 4) because: 
- It offers a positive profit of 0.29, ensuring immediate gain.
- Additional search costs 0.02 and is unlikely to yield improvement with personalized sorting.","C2 Search #1 (Searched:1/7, SearchCost:0.00, BestProfit:0.29@F4) → Purchase F4",0.26,0.027,"[0.33, 0.42, 0.39, 0.15, 0.94, 0.41, 0.9]"
7,4,C3,True,"Yes, because with 7 firms, personalized recommendations will likely reduce search costs significantly (e.g., from an average increase without sharing to near 0), exceeding my privacy value of 0.029 and maximizing revenue.",5,"### Decision:
I'll **purchase Firm 5** (choose number 5) because: 
- The firm provides a positive profit of 0.31, ensuring an immediate gain.
- Additional searching costs 0.02 and is unlikely to yield a better deal, given personalized sorting by valuation.","C3 Search #1 (Searched:1/7, SearchCost:0.00, BestProfit:0.31@F5) → Purchase F5",0.28,0.029,"[0.36, 0.94, 0.26, 0.7, 0.48, 0.96, 0.89]"
7,4,C4,True,"Yes, because with 7 firms, personalized recommendations will likely minimize search costs (e.g., to near 0.00), providing savings that exceed the low privacy cost of 0.026 and maximize revenue.",3,"### Decision:  
I'll **purchase Firm 3** (choose number 3) because:  
- It offers a positive profit of 0.16, requiring purchase per rationality.  
- Searching another firm costs 0.02 with likely lower profits due to sorted recommendations, making further search uneconomical.","C4 Search #1 (Searched:1/7, SearchCost:0.00, BestProfit:0.16@F3) → Purchase F3",0.13,0.026,"[0.11, 0.68, 0.33, 0.86, 0.35, 0.29, 0.51]"
7,4,C5,True,"Yes, because with 7 firms, personalized recommendations significantly reduce expected search costs (e.g., from 0.04–0.12 without sharing to near 0.00), providing net savings that exceed the privacy cost of 0.026 and maximize revenue.",1,"### Decision:
I'll **purchase Firm 1** (choose number 1) because: 
- It offers a positive profit of 0.30, ensuring immediate net revenue after costs.
- Further searching would incur a 0.02 cost with low expected gain due to personalized sorting prioritizing high-value options.","C5 Search #1 (Searched:1/7, SearchCost:0.00, BestProfit:0.30@F1) → Purchase F1",0.27,0.026,"[0.68, 0.95, 0.39, 0.32, 0.47, 0.31, 0.27]"
7,4,C6,True,"Yes, because the expected reduction in search costs from personalized recommendations with 7 firms likely exceeds my privacy value of 0.04, maximizing total revenue by minimizing search expenses while ensuring efficient product selection.",4,"### Decision:  
I'll **purchase Firm 4** (choose number 4) because:  
- It offers a positive profit of 0.35, and rational guidelines require buying when such an option exists.  
- With personalized recommendations sorting from highest to lowest value, additional searches are unlikely to improve the deal and would incur unnecessary search costs of 0.02.","C6 Search #1 (Searched:1/7, SearchCost:0.00, BestProfit:0.35@F4) → Purchase F4",0.31,0.04,"[0.23, 0.97, 0.47, 0.01, 1.0, 0.89, 0.59]"
7,4,C7,True,"Yes, because with 7 firms, personalized recommendations will significantly reduce expected search costs (e.g., from up to 0.12 without sharing to near 0.00), far exceeding the privacy cost of 0.026 and maximizing revenue.",0,"### Decision:
I'll **purchase Firm 0** because: 
- It offers a positive profit of 0.10, which I must buy per rationality constraint.
- Searching another firm costs 0.02 and likely yields lower profit due to sorted sequence, making it not worthwhile.","C7 Search #1 (Searched:1/7, SearchCost:0.00, BestProfit:0.10@F0) → Purchase F0",0.07,0.026,"[0.75, 0.64, 0.38, 0.62, 0.27, 0.57, 0.68]"
7,4,C8,True,"Yes, because with 7 firms, personalized recommendations will significantly reduce expected search costs (e.g., from 0.04–0.12 without sharing to near 0), likely exceeding the privacy cost of 0.042 and maximizing revenue.",2,"### Decision:
I'll **purchase Firm 2** (choose number 2) because: 
- It offers a positive profit of 0.34, ensuring a net gain.
- Additional search costs 0.02 and is unlikely to yield a better deal given the personalized recommendations sort firms from highest to lowest value.","C8 Search #1 (Searched:1/7, SearchCost:0.00, BestProfit:0.34@F2) → Purchase F2",0.3,0.042,"[0.67, 0.61, 0.99, 0.16, 0.32, 0.6, 0.46]"
7,4,C9,True,"Yes, because with 7 firms, personalized recommendations will significantly reduce expected search costs (e.g., from 0.12 to near 0.00), easily outweighing the low privacy cost of 0.026 and maximizing revenue.",5,"### Decision:  
I'll **purchase Firm 5** because:  
- It offers a positive profit of 0.25, ensuring an immediate gain.  
- Additional search costs 0.02 and is unlikely to yield a better deal, given personalized sorting by valuation from highest to lowest.","C9 Search #1 (Searched:1/7, SearchCost:0.00, BestProfit:0.25@F5) → Purchase F5",0.22,0.026,"[0.75, 0.03, 0.17, 0.12, 0.64, 0.9, 0.57]"
7,4,C10,True,"Yes, because with 7 firms, personalized recommendations significantly reduce expected search costs (e.g., from 0.04–0.12 to near 0), likely exceeding my privacy value of 0.037 and maximizing revenue based on past experiences and broadcast insights.",1,"### Decision:
I'll **purchase Firm 1** (choose number 1) because: 
- The firm offers a positive profit of 0.23, ensuring I won't leave without buying.
- With data sharing and sorting by highest valuation, additional searches are unlikely to yield better profit, and the 0.02 search cost would reduce revenue.","C10 Search #1 (Searched:1/7, SearchCost:0.00, BestProfit:0.23@F1) → Purchase F1",0.19,0.037,"[0.56, 0.88, 0.62, 0.03, 0.68, 0.02, 0.73]"
7,4,C11,True,"Yes, because with 7 firms, personalized recommendations will likely reduce search costs significantly (e.g., from potential 0.12 without sharing to near 0.00), outweighing the privacy cost of 0.031 and maximizing revenue based on past experiences.",2,"### Decision:  
I'll **purchase Firm 2** because:  
- It offers a positive profit of 0.05 with no additional cost.  
- Further searches cost 0.02 and are unlikely to yield a better profit given the descending valuation order.","C11 Search #1 (Searched:1/7, SearchCost:0.00, BestProfit:0.05@F2) → Purchase F2",0.02,0.031,"[0.05, 0.18, 0.7, 0.1, 0.05, 0.56, 0.55]"
7,4,C12,True,"Yes, because with 7 firms, personalized recommendations will likely reduce expected search costs (e.g., from 0.04–0.12 without sharing to near 0) by more than my privacy value of 0.049, maximizing total revenue.",0,"### Decision:
I'll **purchase Firm 0** (choose number 0) because: 
- The firm offers a positive profit of 0.23, ensuring a gain.
- Additional search costs 0.02 and is likely to yield lower profit due to decreasing valuation order in personalized recommendations, making it unjustified.","C12 Search #1 (Searched:1/7, SearchCost:0.00, BestProfit:0.23@F0) → Purchase F0",0.18,0.049,"[0.88, 0.31, 0.84, 0.59, 0.64, 0.78, 0.37]"
7,4,C13,True,"Yes, because with 7 firms, personalized recommendations will likely reduce search costs significantly (e.g., from 0.04–0.12 without sharing to near 0.00), outweighing the privacy cost of 0.039 and maximizing expected revenue.",3,"### Decision:  
I'll **purchase Firm 3** (choose number 3) because:  
- The firm offers a positive profit of 0.24, ensuring a gain.  
- With data-shared recommendations sorted by highest valuation, this is likely optimal, and further search costs of 0.02 are unlikely to yield better returns.","C13 Search #1 (Searched:1/7, SearchCost:0.00, BestProfit:0.24@F3) → Purchase F3",0.2,0.039,"[0.78, 0.53, 0.7, 0.94, 0.87, 0.76, 0.72]"
7,4,C14,True,"Yes, because with 7 firms, personalized recommendations will likely reduce search costs substantially (e.g., from potential 0.12 without sharing to near 0), exceeding my privacy value of 0.049 and improving total revenue based on past experiences.",2,"### Decision:
I'll **purchase Firm 2** (choose number 2) because: 
- The firm provides a positive profit of 0.27, which I can secure immediately as a rational consumer.
- Additional searches cost 0.02 and are unlikely to improve profit, given personalized recommendations sort firms by decreasing valuation.","C14 Search #1 (Searched:1/7, SearchCost:0.00, BestProfit:0.27@F2) → Purchase F2",0.22,0.049,"[0.71, 0.63, 0.92, 0.04, 0.34, 0.59, 0.2]"
7,4,C15,True,"Yes, because with 7 firms, personalized recommendations will likely reduce search costs significantly (e.g., from 0.12 to near 0), exceeding the privacy cost of 0.04 and maximizing expected revenue.",6,"### Decision:  
I'll **purchase Firm 6** (choose number 6) because:  
- It offers a positive profit of 0.29, which is rational to accept given my behavior.  
- With data-shared recommendations sorted by valuation, further searches are unlikely to yield better profit, and the 0.02 search cost outweighs potential gains.","C15 Search #1 (Searched:1/7, SearchCost:0.00, BestProfit:0.29@F6) → Purchase F6",0.25,0.04,"[0.32, 0.74, 0.36, 0.03, 0.33, 0.79, 0.99]"
7,4,C16,True,"Yes, because with 7 firms, personalized recommendations will likely minimize search costs (e.g., to near 0), providing savings that exceed the privacy cost of 0.036 and maximize revenue.",4,"### Decision:  
I'll **purchase Firm 4** (choose number 4) because:  
- The firm offers a positive profit of 0.31, and as a rational consumer, I won't leave without buying when such an opportunity exists.  
- Searching further would cost 0.02 with uncertain benefits, likely yielding lower profit due to personalized sorting from highest to lowest valuation, making it suboptimal.","C16 Search #1 (Searched:1/7, SearchCost:0.00, BestProfit:0.31@F4) → Purchase F4",0.27,0.036,"[0.24, 0.76, 0.09, 0.65, 0.96, 0.08, 0.79]"
7,4,C17,True,"Yes, because with 7 firms, personalized recommendations will significantly reduce expected search costs (e.g., from 0.12 without sharing to near 0), outweighing the low privacy cost of 0.027 and maximizing revenue.",5,"### Decision:  
I'll **purchase Firm 5** (choose number 5) because:  
- It offers a positive profit of 0.25, providing an immediate gain.  
- Further searching costs 0.02 with low expected improvement due to personalized sorting prioritizing high-value firms first.","C17 Search #1 (Searched:1/7, SearchCost:0.00, BestProfit:0.25@F5) → Purchase F5",0.22,0.027,"[0.88, 0.14, 0.75, 0.56, 0.52, 0.9, 0.59]"
7,4,C18,True,"Yes, because with 7 firms, personalized recommendations will significantly reduce expected search costs (e.g., from 0.04–0.12 without sharing to near 0), providing savings that exceed the privacy cost of 0.032 and maximize revenue based on past experience.",6,"### Decision:
I'll **purchase Firm 6** (choose number 6) because: 
- Firm 6 offers a positive profit of 0.26, which I can secure without additional costs.
- With personalized recommendations sorted by highest valuation, it's likely the best option, and further searching risks unnecessary expense with minimal expected gain.","C18 Search #1 (Searched:1/7, SearchCost:0.00, BestProfit:0.26@F6) → Purchase F6",0.23,0.032,"[0.67, 0.21, 0.68, 0.67, 0.69, 0.34, 0.96]"
7,4,C19,True,"Yes, because with 7 firms, personalized recommendations will likely reduce expected search costs (e.g., from 0.04–0.12 without sharing to near 0.00), providing savings that exceed the privacy cost of 0.035 and maximize revenue based on past experiences.",1,"### Decision:
I'll **purchase Firm 1** (choose number 1) because: 
- It offers a positive profit of 0.04, ensuring a gain. 
- As a rational consumer, I won't leave without buying when positive profit is available from searched firms.","C19 Search #1 (Searched:1/7, SearchCost:0.00, BestProfit:0.04@F1) → Purchase F1",0.0,0.035,"[0.58, 0.69, 0.1, 0.6, 0.64, 0.32, 0.3]"
7,4,C20,True,"Yes, because with 7 firms, personalized recommendations will significantly reduce expected search costs, easily offsetting the low privacy cost of 0.028 and maximizing revenue.",4,"### Decision:
I'll **purchase Firm 4** (choose number 4) because: 
- The firm offers a positive profit of 0.25, making it rational to buy immediately.
- With personalized recommendations sorting by highest valuation, additional searches are unlikely to improve profit and would add unnecessary search costs of 0.02.","C20 Search #1 (Searched:1/7, SearchCost:0.00, BestProfit:0.25@F4) → Purchase F4",0.22,0.028,"[0.79, 0.83, 0.71, 0.34, 0.9, 0.01, 0.16]"
7,5,C1,True,"Yes, because the expected reduction in search costs from personalized recommendations with 7 firms likely exceeds the privacy cost of 0.042, maximizing total revenue by minimizing searches and ensuring efficient product selection.",2,"### Decision:
I'll **purchase Firm 2** because: 
- It offers a positive profit of 0.33, ensuring an immediate gain.
- Additional search costs 0.02 and is unlikely to yield a significantly better deal, given the personalized sorting by decreasing valuation.","C1 Search #1 (Searched:1/7, SearchCost:0.00, BestProfit:0.33@F2) → Purchase F2",0.29,0.042,"[0.57, 0.66, 0.98, 0.94, 0.77, 0.92, 0.03]"
7,5,C2,True,"Yes, because the privacy cost of 0.027 is low compared to the significant potential reduction in search costs (up to 0.12 without sharing) from personalized recommendations with 7 firms, maximizing expected revenue.",4,"### Decision:
I'll **purchase Firm 4** (choose number 4) because: 
- It offers a positive profit of 0.29, ensuring immediate gain.
- With personalized sorting, additional searches are unlikely to improve outcomes, and the 0.02 search cost is not justified.","C2 Search #1 (Searched:1/7, SearchCost:0.00, BestProfit:0.29@F4) → Purchase F4",0.26,0.027,"[0.33, 0.42, 0.39, 0.15, 0.94, 0.41, 0.9]"
7,5,C3,True,"Yes, because with 7 firms, personalized recommendations will significantly reduce expected search costs (e.g., from up to 0.12 without sharing to near 0), exceeding my privacy value of 0.029 and maximizing revenue.",5,"### Decision:
I'll **purchase Firm 5** (choose number 5) because: 
- The firm offers a positive profit of 0.31, ensuring an immediate gain.
- Additional search costs 0.02 and is unlikely to yield a better deal due to personalized sorting by valuation.","C3 Search #1 (Searched:1/7, SearchCost:0.00, BestProfit:0.31@F5) → Purchase F5",0.28,0.029,"[0.36, 0.94, 0.26, 0.7, 0.48, 0.96, 0.89]"
7,5,C4,True,"Yes, because with 7 firms, personalized recommendations will significantly reduce expected search costs, likely outweighing the low privacy cost of 0.026 and maximizing revenue.",3,"### Decision:  
I'll **purchase Firm 3** (choose number 3) because:  
- It offers a positive profit of 0.21, requiring purchase per rationality.  
- Searching another firm costs 0.02 with likely lower profits due to sorted recommendations, making further search uneconomical.","C4 Search #1 (Searched:1/7, SearchCost:0.00, BestProfit:0.21@F3) → Purchase F3",0.18,0.026,"[0.11, 0.68, 0.33, 0.86, 0.35, 0.29, 0.51]"
7,5,C5,True,"Yes, because with 7 firms, personalized recommendations are expected to greatly reduce search costs (e.g., from up to 0.12 without sharing to near 0.00), providing net savings that exceed the privacy cost of 0.026 and maximize revenue.",1,"### Decision:
I'll **purchase Firm 1** (choose number 1) because: 
- It offers a positive profit of 0.30, ensuring immediate net revenue after costs.
- Searching further would incur a 0.02 cost with low expected gain, given personalized sorting prioritizes high-value options.","C5 Search #1 (Searched:1/7, SearchCost:0.00, BestProfit:0.30@F1) → Purchase F1",0.27,0.026,"[0.68, 0.95, 0.39, 0.32, 0.47, 0.31, 0.27]"
7,5,C6,True,"Yes, because with 7 firms, personalized recommendations will significantly reduce expected search costs (e.g., from 0.04–0.12 without sharing to near 0), exceeding the privacy cost of 0.04 and maximizing revenue by minimizing search expenses.",4,"### Decision:  
I'll **purchase Firm 4** (choose number 4) because:  
- It offers a positive profit of 0.35, requiring purchase per rational guidelines.  
- Personalized recommendations sort best to worst, so additional searches would incur unnecessary costs without improving the deal.","C6 Search #1 (Searched:1/7, SearchCost:0.00, BestProfit:0.35@F4) → Purchase F4",0.31,0.04,"[0.23, 0.97, 0.47, 0.01, 1.0, 0.89, 0.59]"
7,5,C7,True,"Yes, because with 7 firms, personalized recommendations will significantly reduce expected search costs (e.g., from up to 0.12 without sharing to near 0), far exceeding my low privacy value of 0.026, thus maximizing total revenue.",0,"### Decision:
I'll **purchase Firm 0** because: 
- It offers a positive profit of 0.10, which I must buy per rationality constraint.
- Searching another firm costs 0.02 and likely yields lower profit due to the sorted sequence, making it not worthwhile.","C7 Search #1 (Searched:1/7, SearchCost:0.00, BestProfit:0.10@F0) → Purchase F0",0.07,0.026,"[0.75, 0.64, 0.38, 0.62, 0.27, 0.57, 0.68]"
7,5,C8,True,"Yes, because with 7 firms, personalized recommendations are likely to reduce expected search costs (e.g., from 0.04–0.12 without sharing to near 0), exceeding the privacy cost of 0.042 and maximizing revenue.",2,"### Decision:  
I'll **purchase Firm 2** (choose number 2) because:  
- It offers a positive profit of 0.34, ensuring a net gain.  
- Additional search costs 0.02 and is unlikely to yield a better deal due to personalized sorting from highest to lowest valuation.","C8 Search #1 (Searched:1/7, SearchCost:0.00, BestProfit:0.34@F2) → Purchase F2",0.3,0.042,"[0.67, 0.61, 0.99, 0.16, 0.32, 0.6, 0.46]"
7,5,C9,True,"Yes, because with 7 firms, personalized recommendations will significantly reduce expected search costs (e.g., from 0.12 to near 0.00), easily outweighing the low privacy cost of 0.026 and maximizing revenue.",5,"### Decision:
I'll **purchase Firm 5** (choose number 5) because: 
- It offers a positive profit of 0.25, ensuring an immediate gain.
- Additional search costs 0.02 and is unlikely to yield a better deal, given personalized sorting by valuation from highest to lowest.","C9 Search #1 (Searched:1/7, SearchCost:0.00, BestProfit:0.25@F5) → Purchase F5",0.22,0.026,"[0.75, 0.03, 0.17, 0.12, 0.64, 0.9, 0.57]"
7,5,C10,True,"Yes, because with 7 firms, personalized recommendations will significantly reduce expected search costs (likely from 0.04–0.12 to near 0), exceeding my privacy value of 0.037 and maximizing revenue based on past experiences and broadcast insights.",1,"### Decision:
I'll **purchase Firm 1** (choose number 1) because: 
- The firm offers a positive profit of 0.23, and as a rational consumer, I won't leave without buying when such an option exists.
- With data sharing and recommendations sorted by highest valuation, additional searches are unlikely to yield better profit, and the 0.02 search cost would reduce net revenue.","C10 Search #1 (Searched:1/7, SearchCost:0.00, BestProfit:0.23@F1) → Purchase F1",0.19,0.037,"[0.56, 0.88, 0.62, 0.03, 0.68, 0.02, 0.73]"
7,5,C11,True,"Yes, because with 7 firms, personalized recommendations will likely reduce search costs (e.g., from potential 0.12 without sharing to near 0.00) more than the privacy cost of 0.031, maximizing revenue based on past benefits and top consumer results.",2,"### Decision:
I'll **purchase Firm 2** because: 
- It offers a positive profit of 0.05 with no additional search cost.
- Further searches cost 0.02 and are unlikely to yield better profit given the descending valuation order.","C11 Search #1 (Searched:1/7, SearchCost:0.00, BestProfit:0.05@F2) → Purchase F2",0.02,0.031,"[0.05, 0.18, 0.7, 0.1, 0.05, 0.56, 0.55]"
7,5,C12,True,"Yes, because with 7 firms, personalized recommendations will likely reduce search costs by more than the privacy value of 0.049, outweighing the privacy cost and maximizing total revenue.",0,"### Decision:
I'll **purchase Firm 0** (choose number 0) because: 
- The firm offers a positive profit of 0.23, ensuring a gain.
- Additional search costs 0.02 and is likely to yield lower profit due to decreasing valuation order in personalized recommendations, making it unjustified.","C12 Search #1 (Searched:1/7, SearchCost:0.00, BestProfit:0.23@F0) → Purchase F0",0.18,0.049,"[0.88, 0.31, 0.84, 0.59, 0.64, 0.78, 0.37]"
7,5,C13,True,"Yes, because with 7 firms, personalized recommendations significantly reduce expected search costs (e.g., from 0.04–0.12 without sharing to near 0.00) and improve product matching, outweighing the privacy cost of 0.039 and maximizing revenue, as supported by historical outcomes.",3,"### Decision:
I'll **purchase Firm 3** (choose number 3) because: 
- The firm provides a positive profit of 0.29, ensuring an immediate gain.
- With data-shared sorted recommendations, it is likely optimal, and additional search costs of 0.02 offer minimal expected benefit.","C13 Search #1 (Searched:1/7, SearchCost:0.00, BestProfit:0.29@F3) → Purchase F3",0.25,0.039,"[0.78, 0.53, 0.7, 0.94, 0.87, 0.76, 0.72]"
7,5,C14,True,"Yes, because with 7 firms, personalized recommendations will significantly reduce search costs and improve product matching, likely exceeding the privacy cost of 0.049 and maximizing total revenue based on past experiences.",2,"### Decision:
I'll **purchase Firm 2** (choose number 2) because: 
- The firm offers a positive profit of 0.27, which I can secure immediately as a rational consumer.
- Additional searches cost 0.02 and are unlikely to improve profit, given personalized recommendations sort firms by decreasing value.","C14 Search #1 (Searched:1/7, SearchCost:0.00, BestProfit:0.27@F2) → Purchase F2",0.22,0.049,"[0.71, 0.63, 0.92, 0.04, 0.34, 0.59, 0.2]"
7,5,C15,True,"Yes, because with 7 firms, personalized recommendations will significantly reduce expected search costs (e.g., from up to 0.12 without sharing to near 0), exceeding the privacy cost of 0.04 and maximizing total revenue through efficient product selection.",6,"### Decision:  
I'll **purchase Firm 6** (choose number 6) because:  
- It offers a positive profit of 0.34.  
- With data-shared recommendations sorted by valuation, further searches are unlikely to yield better profit, and the 0.02 search cost outweighs potential gains.","C15 Search #1 (Searched:1/7, SearchCost:0.00, BestProfit:0.34@F6) → Purchase F6",0.3,0.04,"[0.32, 0.74, 0.36, 0.03, 0.33, 0.79, 0.99]"
7,5,C16,True,"Yes, because with 7 firms, personalized recommendations will significantly reduce search costs (likely to near 0) and improve product matching, outweighing the privacy cost of 0.036 and maximizing revenue, as shown in past decisions.",4,"### Decision:
I'll **purchase Firm 4** (choose number 4) because: 
- The firm offers a positive profit of 0.31, and as a rational consumer, I won't leave without buying when such an opportunity exists.
- Searching further would incur an additional cost of 0.02 with uncertain benefits, likely yielding lower profit due to personalized sorting from highest to lowest value.","C16 Search #1 (Searched:1/7, SearchCost:0.00, BestProfit:0.31@F4) → Purchase F4",0.27,0.036,"[0.24, 0.76, 0.09, 0.65, 0.96, 0.08, 0.79]"
7,5,C17,True,"Yes, because with 7 firms, personalized recommendations will significantly reduce expected search costs (e.g., from 0.04–0.12 without sharing to near 0), exceeding the privacy cost of 0.027 and maximizing revenue through efficient product selection.",5,"### Decision:  
I'll **purchase Firm 5** (choose number 5) because:  
- It offers a positive profit of 0.25, ensuring an immediate gain.  
- Further searching costs 0.02 with low expected improvement due to personalized sorting prioritizing higher-value firms first.","C17 Search #1 (Searched:1/7, SearchCost:0.00, BestProfit:0.25@F5) → Purchase F5",0.22,0.027,"[0.88, 0.14, 0.75, 0.56, 0.52, 0.9, 0.59]"
7,5,C18,True,"Yes, because with 7 firms, personalized recommendations will significantly reduce expected search costs, likely exceeding the privacy cost of 0.032 and maximizing revenue based on past experience.",6,"### Decision:
I'll **purchase Firm 6** (choose number 6) because: 
- Firm 6 offers a positive profit of 0.31, which I can secure immediately.
- With personalized recommendations sorted by highest valuation, it's likely the best option, and further searching would incur a 0.02 cost with minimal expected gain.","C18 Search #1 (Searched:1/7, SearchCost:0.00, BestProfit:0.31@F6) → Purchase F6",0.28,0.032,"[0.67, 0.21, 0.68, 0.67, 0.69, 0.34, 0.96]"
7,5,C19,True,"Yes, because with 7 firms, personalized recommendations will likely reduce search costs significantly (e.g., from 0.04–0.12 without sharing to near 0), exceeding the privacy cost of 0.035 and maximizing expected revenue based on past experiences.",1,"### Decision:
I'll **purchase Firm 1** (choose number 1) because: 
- It offers a positive profit of 0.04, ensuring a gain with no additional search cost.
- With personalized recommendations sorting by highest valuation first, additional searches are unlikely to yield better profits and incur unnecessary cost.","C19 Search #1 (Searched:1/7, SearchCost:0.00, BestProfit:0.04@F1) → Purchase F1",0.0,0.035,"[0.58, 0.69, 0.1, 0.6, 0.64, 0.32, 0.3]"
7,5,C20,True,"Yes, because with 7 firms, personalized recommendations will significantly reduce expected search costs (e.g., from 0.04–0.12 without sharing to near 0), easily offsetting my low privacy cost of 0.028 and maximizing revenue.",4,"### Decision:
I'll **purchase Firm 4** (choose number 4) because: 
- It offers a positive profit of 0.25, making it rational to buy immediately.
- With personalized recommendations sorting by highest valuation, additional searches are unlikely to improve profit and would add a search cost of 0.02.","C20 Search #1 (Searched:1/7, SearchCost:0.00, BestProfit:0.25@F4) → Purchase F4",0.22,0.028,"[0.79, 0.83, 0.71, 0.34, 0.9, 0.01, 0.16]"
7,6,C1,True,"Yes, because with 7 firms, personalized recommendations will likely reduce expected search costs (e.g., from 0.04–0.12 without sharing to near 0), exceeding the privacy cost of 0.042 and maximizing total revenue through efficient product selection.",2,"### Decision:
I'll **purchase Firm 2** (choose number 2) because: 
- It offers a positive profit of 0.33, ensuring an immediate gain.
- Additional search costs 0.02 and is unlikely to yield a significantly better deal, given the personalized sorting by decreasing valuation.","C1 Search #1 (Searched:1/7, SearchCost:0.00, BestProfit:0.33@F2) → Purchase F2",0.29,0.042,"[0.57, 0.66, 0.98, 0.94, 0.77, 0.92, 0.03]"
7,6,C2,True,"Yes, because the privacy cost of 0.027 is low compared to the significant expected reduction in search costs (e.g., from 0.04–0.12 without sharing to near 0 with personalized recommendations for 7 firms), maximizing potential revenue.",4,"### Decision:  
I'll **purchase Firm 4** (choose number 4) because:  
- It offers a positive profit of 0.29, ensuring immediate gain.  
- With personalized sorting, additional searches are unlikely to improve outcomes significantly, and the 0.02 search cost outweighs potential benefits.","C2 Search #1 (Searched:1/7, SearchCost:0.00, BestProfit:0.29@F4) → Purchase F4",0.26,0.027,"[0.33, 0.42, 0.39, 0.15, 0.94, 0.41, 0.9]"
7,6,C3,True,"Yes, because with 7 firms, personalized recommendations will significantly reduce expected search costs (e.g., from up to 0.12 without sharing to near 0), exceeding my privacy value of 0.029 and maximizing revenue.",5,"### Decision:  
I'll **purchase Firm 5** (choose number 5) because:  
- The firm offers a positive profit of 0.31, ensuring an immediate gain.  
- Additional searching costs 0.02 and is unlikely to yield a better deal due to personalized sorting by valuation.","C3 Search #1 (Searched:1/7, SearchCost:0.00, BestProfit:0.31@F5) → Purchase F5",0.28,0.029,"[0.36, 0.94, 0.26, 0.7, 0.48, 0.96, 0.89]"
7,6,C4,True,"Yes, because with 7 firms, personalized recommendations will likely reduce search costs significantly (e.g., from 0.04–0.12 without sharing to near 0), exceeding the privacy cost of 0.026 and maximizing revenue through efficient deal-finding.",3,"### Decision:  
I'll **purchase Firm 3** (choose number 3) because:  
- It offers a positive profit of 0.21, requiring purchase per rationality to avoid forgoing guaranteed gains.  
- Searching another firm costs 0.02 with likely lower or negative profits due to sorted recommendations, making further search uneconomical and reducing overall revenue.","C4 Search #1 (Searched:1/7, SearchCost:0.00, BestProfit:0.21@F3) → Purchase F3",0.18,0.026,"[0.11, 0.68, 0.33, 0.86, 0.35, 0.29, 0.51]"
7,6,C5,True,"Yes, because with 7 firms, personalized recommendations will significantly reduce expected search costs (e.g., from 0.04–0.12 without sharing to near 0.00), providing net savings that exceed the privacy cost of 0.026 and maximize revenue.",1,"### Decision:
I'll **purchase Firm 1** (choose number 1) because: 
- It offers a positive profit of 0.30, ensuring immediate net revenue after costs.
- Further searching would incur a 0.02 cost with low expected gain, given personalized sorting prioritizes high-value options.","C5 Search #1 (Searched:1/7, SearchCost:0.00, BestProfit:0.30@F1) → Purchase F1",0.27,0.026,"[0.68, 0.95, 0.39, 0.32, 0.47, 0.31, 0.27]"
7,6,C6,True,"Yes, because with 7 firms, personalized recommendations significantly reduce expected search costs (e.g., from 0.04–0.12 without sharing to near 0), exceeding the privacy cost of 0.04 and maximizing revenue by minimizing search expenses.",4,"### Decision:  
I'll **purchase Firm 4** (choose number 4) because:  
- It offers a positive profit of 0.35, requiring purchase per rational guidelines.  
- With personalized recommendations sorting highest to lowest value, additional searches are unlikely to improve the deal and would incur unnecessary search costs of 0.02.","C6 Search #1 (Searched:1/7, SearchCost:0.00, BestProfit:0.35@F4) → Purchase F4",0.31,0.04,"[0.23, 0.97, 0.47, 0.01, 1.0, 0.89, 0.59]"
7,6,C7,True,"Yes, because with 7 firms, personalized recommendations will significantly reduce expected search costs (e.g., from up to 0.12 without sharing to near 0), far exceeding the low privacy cost of 0.026 and maximizing revenue by minimizing search expenses.",0,"### Decision:
I'll **purchase Firm 0** because: 
- It offers a positive profit of 0.10, which I must buy per rationality constraint.
- Searching another firm costs 0.02 and likely yields lower profit due to the sorted sequence, making it not worthwhile.","C7 Search #1 (Searched:1/7, SearchCost:0.00, BestProfit:0.10@F0) → Purchase F0",0.07,0.026,"[0.75, 0.64, 0.38, 0.62, 0.27, 0.57, 0.68]"
7,6,C8,True,"Yes, because with 7 firms, personalized recommendations significantly reduce expected search costs (e.g., from 0.04–0.12 without sharing to near 0), outweighing the privacy cost of 0.042 and maximizing revenue.",2,"### Decision:  
I'll **purchase Firm 2** (choose number 2) because:  
- It offers a positive profit of 0.34, ensuring a net gain.  
- Additional search costs 0.02 and is unlikely to yield a better deal given the personalized sorting from highest to lowest valuation.","C8 Search #1 (Searched:1/7, SearchCost:0.00, BestProfit:0.34@F2) → Purchase F2",0.3,0.042,"[0.67, 0.61, 0.99, 0.16, 0.32, 0.6, 0.46]"
7,6,C9,True,"Yes, because with 7 firms, personalized recommendations will likely reduce expected search costs (e.g., from 0.04–0.12 without sharing to near 0), easily exceeding the low privacy cost of 0.026 and maximizing revenue.",5,"### Decision:  
I'll **purchase Firm 5** (choose number 5) because:  
- It offers a positive profit of 0.25, ensuring an immediate gain.  
- Additional search costs 0.02 and is unlikely to yield a better deal, given personalized sorting by valuation from highest to lowest.","C9 Search #1 (Searched:1/7, SearchCost:0.00, BestProfit:0.25@F5) → Purchase F5",0.22,0.026,"[0.75, 0.03, 0.17, 0.12, 0.64, 0.9, 0.57]"
7,6,C10,True,"Yes, because with 7 firms, personalized recommendations will significantly reduce expected search costs (e.g., from 0.04–0.12 to near 0), exceeding my privacy value of 0.037 and maximizing revenue based on past experiences and broadcast insights.",1,"### Decision:  
I'll **purchase Firm 1** (choose number 1) because:  
- The firm offers a positive profit of 0.23, ensuring I won't leave without buying.  
- With data sharing and sorting by highest valuation, additional searches are unlikely to yield better profit, and the 0.02 search cost would reduce net revenue.","C10 Search #1 (Searched:1/7, SearchCost:0.00, BestProfit:0.23@F1) → Purchase F1",0.19,0.037,"[0.56, 0.88, 0.62, 0.03, 0.68, 0.02, 0.73]"
7,6,C11,True,"Yes, because with 7 firms, personalized recommendations will reduce search costs (e.g., from potential 0.12 without sharing to near 0.00), exceeding the privacy cost of 0.031 and maximizing revenue based on past benefits.",2,"### Decision:  
I'll **purchase Firm 2** (choose number 2) because:  
- It offers a positive profit of 0.05 with no additional search cost.  
- Further searches cost 0.02 and are unlikely to yield better profits due to the descending valuation order from personalized recommendations.","C11 Search #1 (Searched:1/7, SearchCost:0.00, BestProfit:0.05@F2) → Purchase F2",0.02,0.031,"[0.05, 0.18, 0.7, 0.1, 0.05, 0.56, 0.55]"
7,6,C12,True,"Yes, because with 7 firms, personalized recommendations will likely reduce search costs by more than the privacy value of 0.049, maximizing total revenue.",0,"### Decision:
I'll **purchase Firm 0** (choose number 0) because: 
- The firm offers a positive profit of 0.23, ensuring a gain and adhering to rational behavior by not leaving without buying.
- Additional search costs 0.02 and is likely to yield lower profit due to decreasing valuation order in personalized recommendations, making it unjustified.","C12 Search #1 (Searched:1/7, SearchCost:0.00, BestProfit:0.23@F0) → Purchase F0",0.18,0.049,"[0.88, 0.31, 0.84, 0.59, 0.64, 0.78, 0.37]"
7,6,C13,True,"Yes, because with 7 firms, personalized recommendations significantly reduce expected search costs (e.g., from 0.04–0.12 without sharing to near 0.00), outweighing the privacy cost of 0.039 and maximizing expected revenue.",3,"### Decision:  
I'll **purchase Firm 3** (choose number 3) because:  
- The firm offers a positive profit of 0.29, ensuring an immediate gain.  
- With data-shared sorted recommendations by highest valuation, it is likely optimal, and additional search costs of 0.02 offer minimal expected benefit.","C13 Search #1 (Searched:1/7, SearchCost:0.00, BestProfit:0.29@F3) → Purchase F3",0.25,0.039,"[0.78, 0.53, 0.7, 0.94, 0.87, 0.76, 0.72]"
7,6,C14,True,"Yes, because with 7 firms, personalized recommendations will significantly reduce expected search costs (likely by more than 0.049), outweighing the privacy cost and maximizing revenue based on past experiences.",2,"### Decision:
I'll **purchase Firm 2** (choose number 2) because: 
- The firm offers a positive profit of 0.27, which I can secure immediately as a rational consumer.
- Additional searches cost 0.02 and are unlikely to improve profit, given personalized recommendations sort firms by decreasing valuation.","C14 Search #1 (Searched:1/7, SearchCost:0.00, BestProfit:0.27@F2) → Purchase F2",0.22,0.049,"[0.71, 0.63, 0.92, 0.04, 0.34, 0.59, 0.2]"
7,6,C15,True,"Yes, because with 7 firms, personalized recommendations will significantly reduce expected search costs (e.g., from 0.04–0.12 without sharing to near 0), exceeding the privacy cost of 0.04 and maximizing total revenue.",6,"### Decision:  
I'll **purchase Firm 6** (choose number 6) because:  
- It offers a positive profit of 0.34, which is rational to accept.  
- With data-shared recommendations sorted by valuation, further searches are unlikely to yield better profit, and the 0.02 search cost outweighs potential gains.","C15 Search #1 (Searched:1/7, SearchCost:0.00, BestProfit:0.34@F6) → Purchase F6",0.3,0.04,"[0.32, 0.74, 0.36, 0.03, 0.33, 0.79, 0.99]"
7,6,C16,True,"Yes, because with 7 firms, personalized recommendations will significantly reduce expected search costs (e.g., from up to 0.12 without sharing to near 0), exceeding the privacy cost of 0.036 and maximizing revenue.",4,"### Decision:  
I'll **purchase Firm 4** (choose number 4) because:  
- The firm offers a positive profit of 0.31, and as a rational consumer, I won't leave without buying when such an opportunity exists.  
- Searching further would incur an additional cost of 0.02 with uncertain benefits, likely yielding lower profit due to personalized sorting from highest to lowest value.","C16 Search #1 (Searched:1/7, SearchCost:0.00, BestProfit:0.31@F4) → Purchase F4",0.27,0.036,"[0.24, 0.76, 0.09, 0.65, 0.96, 0.08, 0.79]"
7,6,C17,True,"Yes, because with 7 firms, personalized recommendations will likely reduce search costs from 0.04–0.12 to near 0, exceeding the 0.027 privacy cost and maximizing revenue.",5,"### Decision:
I'll **purchase Firm 5** (choose number 5) because: 
- It offers a positive profit of 0.25, ensuring an immediate gain.
- Further searching costs 0.02 with low expected improvement due to personalized sorting prioritizing higher-value firms first.","C17 Search #1 (Searched:1/7, SearchCost:0.00, BestProfit:0.25@F5) → Purchase F5",0.22,0.027,"[0.88, 0.14, 0.75, 0.56, 0.52, 0.9, 0.59]"
7,6,C18,True,"Yes, because with 7 firms, personalized recommendations will significantly reduce expected search costs (e.g., from 0.04–0.12 without sharing to near 0), outweighing the privacy cost of 0.032 and maximizing revenue based on past experience.",6,"### Decision:
I'll **purchase Firm 6** (choose number 6) because: 
- Firm 6 offers a positive profit of 0.31, which I can secure immediately.
- With personalized recommendations sorted by highest valuation, it's likely the best option, and further searching would incur a 0.02 cost with minimal expected gain.","C18 Search #1 (Searched:1/7, SearchCost:0.00, BestProfit:0.31@F6) → Purchase F6",0.28,0.032,"[0.67, 0.21, 0.68, 0.67, 0.69, 0.34, 0.96]"
7,6,C19,True,"Yes, because with 7 firms, personalized recommendations will likely reduce expected search costs (e.g., from 0.04–0.12 without sharing to near 0) by more than the privacy cost of 0.035, maximizing revenue based on past experiences.",1,"### Decision:
I'll **purchase Firm 1** (choose number 1) because: 
- It offers a positive profit of 0.04, ensuring a gain with no additional search cost.
- With personalized recommendations sorting by highest valuation first, further searches are unlikely to improve profit and would incur a cost of 0.02.","C19 Search #1 (Searched:1/7, SearchCost:0.00, BestProfit:0.04@F1) → Purchase F1",0.0,0.035,"[0.58, 0.69, 0.1, 0.6, 0.64, 0.32, 0.3]"
7,6,C20,True,"Yes, because with 7 firms, personalized recommendations will significantly reduce expected search costs (e.g., from 0.04–0.12 without sharing to near 0), easily offsetting the low privacy cost of 0.028 and maximizing revenue.",4,"### Decision:
I'll **purchase Firm 4** (choose number 4) because: 
- It offers a positive profit of 0.25, making it rational to buy immediately.
- With personalized recommendations sorting by highest valuation, additional searches are unlikely to improve profit and would add a search cost of 0.02.","C20 Search #1 (Searched:1/7, SearchCost:0.00, BestProfit:0.25@F4) → Purchase F4",0.22,0.028,"[0.79, 0.83, 0.71, 0.34, 0.9, 0.01, 0.16]"
7,7,C1,True,"Yes, because with 7 firms, personalized recommendations will significantly reduce expected search costs (e.g., from 0.04–0.12 without sharing to near 0), exceeding the privacy cost of 0.042 and maximizing revenue through efficient product selection.",2,"### Decision:
I'll **purchase Firm 2** (choose number 2) because: 
- It offers a positive profit of 0.33, ensuring an immediate gain.
- Additional search costs 0.02 and is unlikely to yield a significantly better deal, given the personalized sorting by decreasing valuation.","C1 Search #1 (Searched:1/7, SearchCost:0.00, BestProfit:0.33@F2) → Purchase F2",0.29,0.042,"[0.57, 0.66, 0.98, 0.94, 0.77, 0.92, 0.03]"
7,7,C2,True,"Yes, because the privacy cost of 0.027 is low compared to the significant expected reduction in search costs (e.g., from 0.04–0.12 without sharing to near 0 with personalized recommendations for 7 firms), maximizing revenue.",4,"### Decision:  
I'll **purchase Firm 4** (choose number 4) because:  
- It offers a positive profit of 0.29, ensuring immediate gain.  
- With personalized recommendations, additional searches are unlikely to yield significant improvement, and the 0.02 search cost outweighs potential benefits.","C2 Search #1 (Searched:1/7, SearchCost:0.00, BestProfit:0.29@F4) → Purchase F4",0.26,0.027,"[0.33, 0.42, 0.39, 0.15, 0.94, 0.41, 0.9]"
7,7,C3,True,"Yes, because with 7 firms, personalized recommendations will significantly reduce expected search costs (e.g., from 0.04–0.12 without sharing to near 0), exceeding my privacy value of 0.029 and maximizing revenue.",5,"### Decision:  
I'll **purchase Firm 5** (choose number 5) because:  
- The firm offers a positive profit of 0.31, ensuring an immediate gain.  
- Additional searching costs 0.02 and is unlikely to yield a better deal due to personalized sorting by valuation.","C3 Search #1 (Searched:1/7, SearchCost:0.00, BestProfit:0.31@F5) → Purchase F5",0.28,0.029,"[0.36, 0.94, 0.26, 0.7, 0.48, 0.96, 0.89]"
7,7,C4,True,"Yes, because with 7 firms, personalized recommendations will significantly reduce expected search costs (e.g., from 0.04–0.12 without sharing to near 0), saving more than the privacy cost of 0.026 and likely increasing expected profit, thus maximizing revenue.",3,"### Decision:  
I'll **purchase Firm 3** (choose number 3) because:  
- It offers a positive profit of 0.21, requiring purchase per rationality to secure gains.  
- Searching another firm costs 0.02 with likely lower profits due to sorted recommendations, making further search uneconomical.","C4 Search #1 (Searched:1/7, SearchCost:0.00, BestProfit:0.21@F3) → Purchase F3",0.18,0.026,"[0.11, 0.68, 0.33, 0.86, 0.35, 0.29, 0.51]"
7,7,C5,True,"Yes, because with 7 firms, personalized recommendations are expected to significantly reduce search costs (e.g., from 0.04–0.12 without sharing to near 0.00), providing net savings that exceed the privacy cost of 0.026 and maximize revenue.",1,"### Decision:
I'll **purchase Firm 1** (choose number 1) because: 
- It offers a positive profit of 0.30, ensuring immediate net revenue after costs.
- Searching further would incur a 0.02 cost with no expected gain, as personalized sorting prioritizes high-value options.","C5 Search #1 (Searched:1/7, SearchCost:0.00, BestProfit:0.30@F1) → Purchase F1",0.27,0.026,"[0.68, 0.95, 0.39, 0.32, 0.47, 0.31, 0.27]"
7,7,C6,True,"Yes, because with 7 firms, personalized recommendations significantly reduce expected search costs (e.g., from 0.04–0.12 without sharing to near 0), exceeding the privacy cost of 0.04 and maximizing revenue.",4,"### Decision:  
I'll **purchase Firm 4** (choose number 4) because:  
- It offers a positive profit of 0.35, requiring purchase per rational guidelines.  
- With personalized recommendations sorting highest to lowest value, additional searches are unlikely to improve the deal and would incur unnecessary search costs of 0.02.","C6 Search #1 (Searched:1/7, SearchCost:0.00, BestProfit:0.35@F4) → Purchase F4",0.31,0.04,"[0.23, 0.97, 0.47, 0.01, 1.0, 0.89, 0.59]"
7,7,C7,True,"Yes, because with 7 firms, personalized recommendations will significantly reduce expected search costs (e.g., from 0.04–0.12 without sharing to near 0), outweighing the low privacy cost of 0.026 and maximizing revenue by minimizing search expenses.",0,"### Decision:
I'll **purchase Firm 0** because: 
- It offers a positive profit of 0.10, which I must buy per rationality constraint.
- Searching another firm costs 0.02 and likely yields lower profit due to the sorted sequence, making it not worthwhile.","C7 Search #1 (Searched:1/7, SearchCost:0.00, BestProfit:0.10@F0) → Purchase F0",0.07,0.026,"[0.75, 0.64, 0.38, 0.62, 0.27, 0.57, 0.68]"
7,7,C8,True,"Yes, because with 7 firms, personalized recommendations will significantly reduce expected search costs (e.g., from 0.04–0.12 without sharing to near 0), exceeding the privacy cost of 0.042 and maximizing revenue by minimizing search expenses.",2,"### Decision:  
I'll **purchase Firm 2** (choose number 2) because:  
- It offers a positive profit of 0.34, ensuring a net gain.  
- Additional search costs 0.02 and is unlikely to yield a better deal due to personalized sorting from highest to lowest valuation.","C8 Search #1 (Searched:1/7, SearchCost:0.00, BestProfit:0.34@F2) → Purchase F2",0.3,0.042,"[0.67, 0.61, 0.99, 0.16, 0.32, 0.6, 0.46]"
7,7,C9,True,"Yes, because with 7 firms, personalized recommendations greatly reduce expected search costs, outweighing the low privacy cost of 0.026 and maximizing revenue.",5,"### Decision:  
I'll **purchase Firm 5** (choose number 5) because:  
- It offers a positive profit of 0.25, ensuring an immediate gain.  
- Additional search costs 0.02 and is unlikely to yield a better deal, given personalized sorting by valuation from highest to lowest.","C9 Search #1 (Searched:1/7, SearchCost:0.00, BestProfit:0.25@F5) → Purchase F5",0.22,0.026,"[0.75, 0.03, 0.17, 0.12, 0.64, 0.9, 0.57]"
7,7,C10,True,"Yes, because with 7 firms, personalized recommendations significantly reduce expected search costs (e.g., from 0.04–0.12 to near 0), exceeding my privacy value of 0.037 and maximizing revenue based on past experiences and broadcast insights.",1,"### Decision:
I'll **purchase Firm 1** (choose number 1) because: 
- The firm offers a positive profit of 0.23, ensuring I won't leave without buying.
- With data sharing and recommendations sorted by highest valuation, additional searches are unlikely to yield better profit, and the 0.02 search cost would reduce net revenue.","C10 Search #1 (Searched:1/7, SearchCost:0.00, BestProfit:0.23@F1) → Purchase F1",0.19,0.037,"[0.56, 0.88, 0.62, 0.03, 0.68, 0.02, 0.73]"
7,7,C11,True,"Yes, because with 7 firms, personalized recommendations will likely reduce search costs (e.g., from 0.04–0.12 without sharing to near 0), exceeding the privacy cost of 0.031 and maximizing revenue based on past benefits.",2,"### Decision:  
I'll **purchase Firm 2** (choose number 2) because:  
- It offers a positive profit of 0.05 with no additional search cost.  
- Further searches cost 0.02 and are unlikely to yield better profits due to the descending valuation order from personalized recommendations.","C11 Search #1 (Searched:1/7, SearchCost:0.00, BestProfit:0.05@F2) → Purchase F2",0.02,0.031,"[0.05, 0.18, 0.7, 0.1, 0.05, 0.56, 0.55]"
7,7,C12,True,"Yes, because with 7 firms, personalized recommendations will likely reduce search costs by more than the privacy value of 0.049, maximizing total revenue.",0,"### Decision:
I'll **purchase Firm 0** (choose number 0) because: 
- The firm offers a positive profit of 0.23, ensuring a gain and adhering to rational behavior.
- Searching another firm costs 0.02 and is likely to yield lower profit due to decreasing valuation order in personalized recommendations, making it unjustified.","C12 Search #1 (Searched:1/7, SearchCost:0.00, BestProfit:0.23@F0) → Purchase F0",0.18,0.049,"[0.88, 0.31, 0.84, 0.59, 0.64, 0.78, 0.37]"
7,7,C13,True,"Yes, because with 7 firms, personalized recommendations significantly reduce expected search costs (e.g., from 0.04–0.12 without sharing to near 0.00), outweighing the privacy cost of 0.039 and maximizing revenue, as supported by historical outcomes.",3,"### Decision:  
I'll **purchase Firm 3** (choose number 3) because:  
- The firm offers a positive profit of 0.29, ensuring an immediate gain.  
- With data-shared sorted recommendations, it is likely optimal, and additional search costs of 0.02 offer minimal expected benefit.","C13 Search #1 (Searched:1/7, SearchCost:0.00, BestProfit:0.29@F3) → Purchase F3",0.25,0.039,"[0.78, 0.53, 0.7, 0.94, 0.87, 0.76, 0.72]"
7,7,C14,True,"Yes, because with 7 firms, personalized recommendations significantly reduce expected search costs (likely by more than 0.049), outweighing the privacy cost and maximizing revenue based on past experiences.",2,"### Decision:  
I'll **purchase Firm 2** (choose number 2) because:  
- The firm offers a positive profit of 0.27, which I can secure immediately as a rational consumer.  
- Additional searches cost 0.02 and are unlikely to improve profit, given personalized recommendations sort firms by decreasing valuation.","C14 Search #1 (Searched:1/7, SearchCost:0.00, BestProfit:0.27@F2) → Purchase F2",0.22,0.049,"[0.71, 0.63, 0.92, 0.04, 0.34, 0.59, 0.2]"
7,7,C15,True,"Yes, because with 7 firms, personalized recommendations significantly reduce expected search costs (e.g., from 0.04–0.12 without sharing to near 0), exceeding the privacy cost of 0.04 and maximizing total revenue.",6,"### Decision:  
I'll **purchase Firm 6** (choose number 6) because:  
- It offers a positive profit of 0.34, which is rational to accept given my behavior.  
- With data-shared recommendations sorted by valuation, further searches are unlikely to yield better profit, and the 0.02 search cost outweighs potential gains.","C15 Search #1 (Searched:1/7, SearchCost:0.00, BestProfit:0.34@F6) → Purchase F6",0.3,0.04,"[0.32, 0.74, 0.36, 0.03, 0.33, 0.79, 0.99]"
7,7,C16,True,"Yes, because with 7 firms, personalized recommendations significantly reduce expected search costs (e.g., from 0.04–0.12 without sharing to near 0), exceeding the privacy cost of 0.036 and maximizing revenue.",4,"### Decision:  
I'll **purchase Firm 4** (choose number 4) because:  
- The firm offers a positive profit of 0.31, and as a rational consumer, I won't leave without buying when such an opportunity exists.  
- Searching further would incur an additional cost of 0.02 with uncertain benefits, likely yielding lower profit due to personalized sorting from highest to lowest value.","C16 Search #1 (Searched:1/7, SearchCost:0.00, BestProfit:0.31@F4) → Purchase F4",0.27,0.036,"[0.24, 0.76, 0.09, 0.65, 0.96, 0.08, 0.79]"
7,7,C17,True,"Yes, because with 7 firms, personalized recommendations will likely reduce search costs significantly, exceeding the 0.027 privacy cost and maximizing revenue.",5,"### Decision:  
I'll **purchase Firm 5** (choose number 5) because:  
- It offers a positive profit of 0.25, ensuring an immediate gain.  
- Further searching costs 0.02 with low expected improvement due to personalized sorting prioritizing higher-value firms first.","C17 Search #1 (Searched:1/7, SearchCost:0.00, BestProfit:0.25@F5) → Purchase F5",0.22,0.027,"[0.88, 0.14, 0.75, 0.56, 0.52, 0.9, 0.59]"
7,7,C18,True,"Yes, because with 7 firms, personalized recommendations will significantly reduce expected search costs (e.g., from 0.04–0.12 without sharing to near 0), exceeding the privacy cost of 0.032 and maximizing revenue based on past experience.",6,"### Decision:
I'll **purchase Firm 6** (choose number 6) because: 
- Firm 6 offers a positive profit of 0.31, which I can secure immediately.
- With personalized recommendations sorted by highest valuation, it's likely the best option, and further searching would incur a 0.02 cost with minimal expected gain.","C18 Search #1 (Searched:1/7, SearchCost:0.00, BestProfit:0.31@F6) → Purchase F6",0.28,0.032,"[0.67, 0.21, 0.68, 0.67, 0.69, 0.34, 0.96]"
7,7,C19,True,"Yes, because with 7 firms, personalized recommendations will significantly reduce expected search costs (e.g., from 0.04–0.12 without sharing to near 0), outweighing the privacy cost of 0.035 and maximizing revenue based on past experiences.",1,"### Decision:
I'll **purchase Firm 1** (choose number 1) because: 
- It offers a positive profit of 0.04, ensuring a gain.
- With personalized recommendations sorting by highest valuation first, further searches are unlikely to improve profit and would cost 0.02.","C19 Search #1 (Searched:1/7, SearchCost:0.00, BestProfit:0.04@F1) → Purchase F1",0.0,0.035,"[0.58, 0.69, 0.1, 0.6, 0.64, 0.32, 0.3]"
7,7,C20,True,"Yes, because with 7 firms, personalized recommendations will significantly reduce expected search costs (e.g., from 0.04–0.12 without sharing to near 0), easily offsetting the low privacy cost of 0.028 and maximizing revenue.",4,"### Decision:
I'll **purchase Firm 4** (choose number 4) because: 
- It offers a positive profit of 0.25, making it rational to buy immediately.
- With personalized recommendations sorting by highest valuation, additional searches are unlikely to improve profit and would add a search cost of 0.02.","C20 Search #1 (Searched:1/7, SearchCost:0.00, BestProfit:0.25@F4) → Purchase F4",0.22,0.028,"[0.79, 0.83, 0.71, 0.34, 0.9, 0.01, 0.16]"
7,8,C1,True,"Yes, because with 7 firms, personalized recommendations significantly reduce expected search costs, exceeding the privacy cost of 0.042 and maximizing revenue.",2,"### Decision:
I'll **purchase Firm 2** (choose number 2) because: 
- It offers a positive profit of 0.33, ensuring an immediate gain.
- Additional search costs 0.02 and is unlikely to yield a significantly better deal, given the personalized sorting by decreasing valuation.","C1 Search #1 (Searched:1/7, SearchCost:0.00, BestProfit:0.33@F2) → Purchase F2",0.29,0.042,"[0.57, 0.66, 0.98, 0.94, 0.77, 0.92, 0.03]"
7,8,C2,True,"Yes, because the privacy cost of 0.027 is low compared to the significant expected reduction in search costs (e.g., from up to 0.12 without sharing to near 0 with personalized recommendations for 7 firms), maximizing revenue.",4,"### Decision:  
I'll **purchase Firm 4** (choose number 4) because:  
- It offers a positive profit of 0.29, ensuring immediate gain.  
- With personalized sorting from data sharing, additional searches are unlikely to improve outcomes, and the 0.02 search cost outweighs potential benefits.","C2 Search #1 (Searched:1/7, SearchCost:0.00, BestProfit:0.29@F4) → Purchase F4",0.26,0.027,"[0.33, 0.42, 0.39, 0.15, 0.94, 0.41, 0.9]"
7,8,C3,True,"Yes, because with 7 firms, personalized recommendations will significantly reduce expected search costs (e.g., from 0.04–0.12 without sharing to near 0), exceeding my privacy value of 0.029 and maximizing revenue.",5,"### Decision:  
I'll **purchase Firm 5** (choose number 5) because:  
- The firm offers a positive profit of 0.31, ensuring an immediate gain.  
- Additional searching costs 0.02 and is unlikely to yield a better deal due to personalized sorting by valuation.","C3 Search #1 (Searched:1/7, SearchCost:0.00, BestProfit:0.31@F5) → Purchase F5",0.28,0.029,"[0.36, 0.94, 0.26, 0.7, 0.48, 0.96, 0.89]"
7,8,C4,True,"Yes, because with 7 firms, personalized recommendations will likely reduce search costs significantly (e.g., from 0.04–0.12 without sharing to near 0), saving more than the privacy cost of 0.026 and maximizing revenue.",3,"### Decision:  
I'll **purchase Firm 3** (choose number 3) because:  
- It offers a positive profit of 0.21, requiring purchase per rationality to secure gains.  
- Searching another firm costs 0.02 with likely lower profits due to sorted recommendations, making further search uneconomical.","C4 Search #1 (Searched:1/7, SearchCost:0.00, BestProfit:0.21@F3) → Purchase F3",0.18,0.026,"[0.11, 0.68, 0.33, 0.86, 0.35, 0.29, 0.51]"
7,8,C5,True,"Yes, because with 7 firms, personalized recommendations significantly reduce expected search costs (e.g., from 0.04–0.12 without sharing to near 0), providing net savings that exceed the privacy cost of 0.026 and maximize revenue.",1,"### Decision:
I'll **purchase Firm 1** (choose number 1) because: 
- It offers a positive profit of 0.30, ensuring immediate net revenue after costs.
- Further searching would incur a 0.02 cost with low expected gain, given personalized sorting prioritizes high-value options.","C5 Search #1 (Searched:1/7, SearchCost:0.00, BestProfit:0.30@F1) → Purchase F1",0.27,0.026,"[0.68, 0.95, 0.39, 0.32, 0.47, 0.31, 0.27]"
7,8,C6,True,"Yes, because with 7 firms, personalized recommendations significantly reduce expected search costs (e.g., from 0.04–0.12 without sharing to near 0), exceeding the privacy cost of 0.04 and maximizing total revenue by minimizing search expenses.",4,"### Decision:  
I'll **purchase Firm 4** (choose number 4) because:  
- It offers a positive profit of 0.35, and rational guidelines require buying when such an option exists.  
- With personalized recommendations sorting from highest to lowest value, additional searches are unlikely to improve the deal and would incur unnecessary search costs of 0.02.","C6 Search #1 (Searched:1/7, SearchCost:0.00, BestProfit:0.35@F4) → Purchase F4",0.31,0.04,"[0.23, 0.97, 0.47, 0.01, 1.0, 0.89, 0.59]"
7,8,C7,True,"Yes, because with 7 firms, personalized recommendations significantly reduce expected search costs (e.g., from 0.04–0.12 without sharing to near 0), far exceeding my low privacy value of 0.026, thus maximizing revenue.",0,"### Decision:
I'll **purchase Firm 0** because: 
- It offers a positive profit of 0.10, which I must buy per rationality constraint.
- Searching another firm costs 0.02 and likely yields lower profit due to the sorted sequence, making it not worthwhile.","C7 Search #1 (Searched:1/7, SearchCost:0.00, BestProfit:0.10@F0) → Purchase F0",0.07,0.026,"[0.75, 0.64, 0.38, 0.62, 0.27, 0.57, 0.68]"
7,8,C8,True,"Yes, because with 7 firms, personalized recommendations significantly reduce expected search costs (e.g., from 0.04–0.12 to near 0), exceeding the privacy cost of 0.042 and maximizing revenue.",2,"### Decision:  
I'll **purchase Firm 2** (choose number 2) because:  
- It offers a positive profit of 0.34, ensuring a net gain.  
- Additional search costs 0.02 and is unlikely to yield a better deal due to personalized sorting from highest to lowest valuation.","C8 Search #1 (Searched:1/7, SearchCost:0.00, BestProfit:0.34@F2) → Purchase F2",0.3,0.042,"[0.67, 0.61, 0.99, 0.16, 0.32, 0.6, 0.46]"
7,8,C9,True,"Yes, because with 7 firms, personalized recommendations significantly reduce expected search costs (e.g., from 0.04–0.12 to near 0), easily outweighing the low privacy cost of 0.026 and maximizing revenue.",5,"### Decision:  
I'll **purchase Firm 5** (choose number 5) because:  
- It offers a positive profit of 0.25, ensuring an immediate gain.  
- Additional search costs 0.02 and is unlikely to yield a better deal, given personalized sorting by valuation from highest to lowest.","C9 Search #1 (Searched:1/7, SearchCost:0.00, BestProfit:0.25@F5) → Purchase F5",0.22,0.026,"[0.75, 0.03, 0.17, 0.12, 0.64, 0.9, 0.57]"
7,8,C10,True,"Yes, because with 7 firms, personalized recommendations significantly reduce expected search costs (e.g., from 0.04–0.12 to near 0), exceeding my privacy value of 0.037 and maximizing revenue based on past experiences.",1,"### Decision:  
I'll **purchase Firm 1** (choose number 1) because:  
- The firm offers a positive profit of 0.23, so I won't leave without buying.  
- With data sharing and sorting by highest valuation, additional searches are unlikely to yield better profit, and the 0.02 search cost would reduce net revenue.","C10 Search #1 (Searched:1/7, SearchCost:0.00, BestProfit:0.23@F1) → Purchase F1",0.19,0.037,"[0.56, 0.88, 0.62, 0.03, 0.68, 0.02, 0.73]"
7,8,C11,True,"Yes, because with 7 firms, personalized recommendations will likely reduce search costs (e.g., from 0.04–0.12 without sharing to near 0) more than the privacy cost of 0.031, minimizing risk and maximizing revenue based on past benefits and top consumer outcomes.",2,"### Decision:  
I'll **purchase Firm 2** (choose number 2) because:  
- It offers a positive profit of 0.05 with no additional search cost.  
- Further searches cost 0.02 and are unlikely to yield better profits due to the descending valuation order from personalized recommendations.","C11 Search #1 (Searched:1/7, SearchCost:0.00, BestProfit:0.05@F2) → Purchase F2",0.02,0.031,"[0.05, 0.18, 0.7, 0.1, 0.05, 0.56, 0.55]"
7,8,C12,True,"Yes, because with 7 firms, personalized recommendations will likely reduce expected search costs (e.g., from 0.04–0.12 without sharing to near 0) by more than my privacy value of 0.049, maximizing total revenue.",0,"### Decision:
I'll **purchase Firm 0** (choose number 0) because: 
- The firm offers a positive profit of 0.23, ensuring a gain.
- Searching another firm costs 0.02 and is likely to yield lower profit due to decreasing valuation order in personalized recommendations, making it unjustified.","C12 Search #1 (Searched:1/7, SearchCost:0.00, BestProfit:0.23@F0) → Purchase F0",0.18,0.049,"[0.88, 0.31, 0.84, 0.59, 0.64, 0.78, 0.37]"
7,8,C13,True,"Yes, because with 7 firms, personalized recommendations reduce expected search costs (e.g., from 0.04–0.12 to near 0), exceeding the privacy cost of 0.039 and maximizing revenue.",3,"### Decision:  
I'll **purchase Firm 3** (choose number 3) because:  
- The firm offers a positive profit of 0.29, ensuring an immediate gain.  
- With data-shared sorted recommendations by highest valuation, it is likely optimal, and additional search costs of 0.02 offer minimal expected benefit.","C13 Search #1 (Searched:1/7, SearchCost:0.00, BestProfit:0.29@F3) → Purchase F3",0.25,0.039,"[0.78, 0.53, 0.7, 0.94, 0.87, 0.76, 0.72]"
7,8,C14,True,"Yes, because with 7 firms, personalized recommendations significantly reduce expected search costs (likely by more than 0.049), outweighing the privacy cost and maximizing revenue based on past experiences.",2,"### Decision:  
I'll **purchase Firm 2** (choose number 2) because:  
- The firm offers a positive profit of 0.27, which I can secure immediately as a rational consumer.  
- Additional searches cost 0.02 and are unlikely to improve profit, given personalized recommendations sort firms by decreasing valuation.","C14 Search #1 (Searched:1/7, SearchCost:0.00, BestProfit:0.27@F2) → Purchase F2",0.22,0.049,"[0.71, 0.63, 0.92, 0.04, 0.34, 0.59, 0.2]"
7,8,C15,True,"Yes, because with 7 firms, personalized recommendations reduce expected search costs (e.g., from 0.04–0.12 to near 0), exceeding the privacy cost of 0.04 and maximizing revenue.",6,"### Decision:  
I'll **purchase Firm 6** (choose number 6) because:  
- It offers a positive profit of 0.34, which is rational to accept.  
- With data-shared recommendations sorted by valuation, further searches are unlikely to yield better profit, and the 0.02 search cost outweighs potential gains.","C15 Search #1 (Searched:1/7, SearchCost:0.00, BestProfit:0.34@F6) → Purchase F6",0.3,0.04,"[0.32, 0.74, 0.36, 0.03, 0.33, 0.79, 0.99]"
7,8,C16,True,"Yes, because with 7 firms, personalized recommendations significantly reduce expected search costs (e.g., from 0.04–0.12 without sharing to near 0), providing savings that exceed the privacy cost of 0.036 and maximize revenue.",4,"### Decision:  
I'll **purchase Firm 4** (choose number 4) because:  
- The firm offers a positive profit of 0.31, and as a rational consumer, I won't leave without buying when such an opportunity exists.  
- Searching further would incur an additional cost of 0.02 with uncertain benefits, likely yielding lower profit due to personalized sorting from highest to lowest value.","C16 Search #1 (Searched:1/7, SearchCost:0.00, BestProfit:0.31@F4) → Purchase F4",0.27,0.036,"[0.24, 0.76, 0.09, 0.65, 0.96, 0.08, 0.79]"
7,8,C17,True,"Yes, because the expected reduction in search costs from personalized recommendations with 7 firms outweighs the low privacy cost of 0.027, maximizing revenue.",5,"### Decision:  
I'll **purchase Firm 5** (choose number 5) because:  
- It offers a positive profit of 0.25, ensuring an immediate gain.  
- Further searching costs 0.02 with low expected improvement due to personalized sorting prioritizing higher-value firms first.","C17 Search #1 (Searched:1/7, SearchCost:0.00, BestProfit:0.25@F5) → Purchase F5",0.22,0.027,"[0.88, 0.14, 0.75, 0.56, 0.52, 0.9, 0.59]"
7,8,C18,True,"Yes, because with 7 firms, personalized recommendations will significantly reduce expected search costs (e.g., from 0.04–0.12 without sharing to near 0), exceeding the privacy cost of 0.032 and maximizing revenue based on past experience.",6,"### Decision:
I'll **purchase Firm 6** (choose number 6) because: 
- Firm 6 offers a positive profit of 0.31, which I can secure immediately.
- With personalized recommendations sorted by highest valuation, it's likely the best option, and further searching would cost 0.02 with minimal expected gain.","C18 Search #1 (Searched:1/7, SearchCost:0.00, BestProfit:0.31@F6) → Purchase F6",0.28,0.032,"[0.67, 0.21, 0.68, 0.67, 0.69, 0.34, 0.96]"
7,8,C19,True,"Yes, because with 7 firms, personalized recommendations will likely reduce expected search costs (e.g., from 0.04–0.12 without sharing to near 0), exceeding the privacy cost of 0.035 and maximizing revenue.",1,"### Decision:
I'll **purchase Firm 1** (choose number 1) because: 
- It offers a positive profit of 0.04, ensuring a gain.
- With personalized recommendations sorting by highest valuation first, further searches are unlikely to improve profit and would cost 0.02.","C19 Search #1 (Searched:1/7, SearchCost:0.00, BestProfit:0.04@F1) → Purchase F1",0.0,0.035,"[0.58, 0.69, 0.1, 0.6, 0.64, 0.32, 0.3]"
7,8,C20,True,"Yes, because with 7 firms, personalized recommendations will significantly reduce expected search costs (e.g., from 0.04–0.12 without sharing to near 0), easily offsetting the low privacy cost of 0.028 and maximizing revenue.",4,"### Decision:  
I'll **purchase Firm 4** (choose number 4) because:  
- It offers a positive profit of 0.25, making it rational to buy immediately.  
- With personalized recommendations sorting by highest valuation, additional searches are unlikely to improve profit and would add a search cost of 0.02.","C20 Search #1 (Searched:1/7, SearchCost:0.00, BestProfit:0.25@F4) → Purchase F4",0.22,0.028,"[0.79, 0.83, 0.71, 0.34, 0.9, 0.01, 0.16]"
7,9,C1,True,"Yes, because with 7 firms, personalized recommendations greatly reduce expected search costs (e.g., from 0.04–0.12 to near 0), exceeding the privacy cost of 0.042 and maximizing revenue.",2,"### Decision:
I'll **purchase Firm 2** (choose number 2) because: 
- It offers a positive profit of 0.33, ensuring an immediate gain.
- Additional search costs 0.02 and is unlikely to yield a significantly better deal, given the personalized sorting by decreasing valuation.","C1 Search #1 (Searched:1/7, SearchCost:0.00, BestProfit:0.33@F2) → Purchase F2",0.29,0.042,"[0.57, 0.66, 0.98, 0.94, 0.77, 0.92, 0.03]"
7,9,C2,True,"Yes, because the privacy cost of 0.027 is low compared to the significant expected reduction in search costs from personalized recommendations with 7 firms, maximizing revenue.",4,"### Decision:  
I'll **purchase Firm 4** (choose number 4) because:  
- It offers a positive profit of 0.29, ensuring immediate gain.  
- With personalized sorting from data sharing, additional searches are unlikely to yield significant improvement, and the 0.02 search cost outweighs potential benefits.","C2 Search #1 (Searched:1/7, SearchCost:0.00, BestProfit:0.29@F4) → Purchase F4",0.26,0.027,"[0.33, 0.42, 0.39, 0.15, 0.94, 0.41, 0.9]"
7,9,C3,True,"Yes, because with 7 firms, personalized recommendations will significantly reduce expected search costs (e.g., from 0.04–0.12 without sharing to near 0), exceeding my low privacy value of 0.029 and maximizing revenue.",5,"### Decision:  
I'll **purchase Firm 5** (choose number 5) because:  
- The firm offers a positive profit of 0.31, ensuring an immediate gain.  
- Additional searching costs 0.02 and is unlikely to yield a better deal due to personalized sorting by valuation.","C3 Search #1 (Searched:1/7, SearchCost:0.00, BestProfit:0.31@F5) → Purchase F5",0.28,0.029,"[0.36, 0.94, 0.26, 0.7, 0.48, 0.96, 0.89]"
7,9,C4,True,"Yes, because with 7 firms, personalized recommendations significantly reduce expected search costs (e.g., from 0.04–0.12 without sharing to near 0), saving more than the privacy cost of 0.026 and maximizing revenue.",3,"### Decision:  
I'll **purchase Firm 3** (choose number 3) because:  
- It offers a positive profit of 0.21, requiring purchase per rationality to secure gains.  
- Searching another firm costs 0.02 with likely lower profits due to sorted recommendations, making further search uneconomical.","C4 Search #1 (Searched:1/7, SearchCost:0.00, BestProfit:0.21@F3) → Purchase F3",0.18,0.026,"[0.11, 0.68, 0.33, 0.86, 0.35, 0.29, 0.51]"
7,9,C5,True,"Yes, because with 7 firms, personalized recommendations significantly reduce expected search costs (e.g., from 0.04–0.12 to near 0), exceeding the privacy cost of 0.026 and maximizing revenue.",1,"### Decision:
I'll **purchase Firm 1** (choose number 1) because: 
- It offers a positive profit of 0.30, ensuring immediate net revenue after costs.
- Searching further would incur a 0.02 cost with low expected gain, given personalized sorting prioritizes high-value options.","C5 Search #1 (Searched:1/7, SearchCost:0.00, BestProfit:0.30@F1) → Purchase F1",0.27,0.026,"[0.68, 0.95, 0.39, 0.32, 0.47, 0.31, 0.27]"
7,9,C6,True,"Yes, because with 7 firms, personalized recommendations significantly reduce expected search costs (e.g., from 0.04–0.12 to near 0), exceeding the privacy cost of 0.04 and maximizing revenue by minimizing search expenses and ensuring a high-value first search.",4,"### Decision:  
I'll **purchase Firm 4** (choose number 4) because:  
- It offers a positive profit of 0.35, requiring purchase per rational guidelines to avoid leaving without buying.  
- With personalized recommendations sorting highest to lowest value, additional searches are unlikely to improve the deal and would incur unnecessary search costs of 0.02.","C6 Search #1 (Searched:1/7, SearchCost:0.00, BestProfit:0.35@F4) → Purchase F4",0.31,0.04,"[0.23, 0.97, 0.47, 0.01, 1.0, 0.89, 0.59]"
7,9,C7,True,"Yes, because with 7 firms, personalized recommendations significantly reduce expected search costs (e.g., from 0.04–0.12 without sharing to near 0), far exceeding the low privacy cost of 0.026 and maximizing revenue.",0,"### Decision:
I'll **purchase Firm 0** because: 
- It offers a positive profit of 0.10, which I must buy per rationality constraint.
- Searching another firm costs 0.02 and likely yields lower profit due to the sorted sequence, making it not worthwhile.","C7 Search #1 (Searched:1/7, SearchCost:0.00, BestProfit:0.10@F0) → Purchase F0",0.07,0.026,"[0.75, 0.64, 0.38, 0.62, 0.27, 0.57, 0.68]"
7,9,C8,True,"Yes, because with 7 firms, personalized recommendations reduce expected search costs (e.g., from 0.04–0.12 without sharing to near 0), saving more than the privacy cost of 0.042 and maximizing revenue.",2,"### Decision:  
I'll **purchase Firm 2** (choose number 2) because:  
- It offers a positive profit of 0.34, ensuring a net gain.  
- Additional search costs 0.02 and is unlikely to yield a better deal due to personalized sorting from highest to lowest valuation.","C8 Search #1 (Searched:1/7, SearchCost:0.00, BestProfit:0.34@F2) → Purchase F2",0.3,0.042,"[0.67, 0.61, 0.99, 0.16, 0.32, 0.6, 0.46]"
7,9,C9,True,"Yes, because with 7 firms, personalized recommendations will significantly reduce expected search costs (e.g., from 0.04–0.12 to near 0), easily outweighing the low privacy cost of 0.026 and maximizing revenue.",5,"### Decision:  
I'll **purchase Firm 5** (choose number 5) because:  
- It offers a positive profit of 0.25, ensuring an immediate gain.  
- Additional search costs 0.02 and is unlikely to yield a better deal, given personalized sorting by valuation from highest to lowest.","C9 Search #1 (Searched:1/7, SearchCost:0.00, BestProfit:0.25@F5) → Purchase F5",0.22,0.026,"[0.75, 0.03, 0.17, 0.12, 0.64, 0.9, 0.57]"
7,9,C10,True,"Yes, because with 7 firms, personalized recommendations significantly reduce expected search costs (e.g., from 0.04–0.12 to near 0), likely exceeding my privacy value of 0.037 and maximizing revenue based on past experiences and broadcast insights.",1,"### Decision:  
I'll **purchase Firm 1** (choose number 1) because:  
- The firm offers a positive profit of 0.23, so I won't leave without buying.  
- With data sharing and sorting by highest valuation, additional searches are unlikely to yield better profit, and the 0.02 search cost would reduce net revenue.","C10 Search #1 (Searched:1/7, SearchCost:0.00, BestProfit:0.23@F1) → Purchase F1",0.19,0.037,"[0.56, 0.88, 0.62, 0.03, 0.68, 0.02, 0.73]"
7,9,C11,True,"Yes, because with 7 firms, personalized recommendations will likely reduce search costs (e.g., from potential 0.04–0.12 without sharing to near 0.00), exceeding the low privacy cost of 0.031 and maximizing revenue based on past benefits and top consumer outcomes.",2,"### Decision:  
I'll **purchase Firm 2** (choose number 2) because:  
- It offers a positive profit of 0.05 with no additional search cost.  
- Further searches cost 0.02 and are unlikely to yield better profits due to the descending valuation order from personalized recommendations.","C11 Search #1 (Searched:1/7, SearchCost:0.00, BestProfit:0.05@F2) → Purchase F2",0.02,0.031,"[0.05, 0.18, 0.7, 0.1, 0.05, 0.56, 0.55]"
7,9,C12,True,"Yes, because with 7 firms, personalized recommendations will likely reduce search costs by more than my privacy value of 0.049, maximizing total revenue.",0,"### Decision:
I'll **purchase Firm 0** (choose number 0) because: 
- The firm offers a positive profit of 0.23, ensuring a gain and adhering to rational behavior.
- Searching another firm costs 0.02 and is likely to yield lower profit due to decreasing valuation order in personalized recommendations, making it unjustified.","C12 Search #1 (Searched:1/7, SearchCost:0.00, BestProfit:0.23@F0) → Purchase F0",0.18,0.049,"[0.88, 0.31, 0.84, 0.59, 0.64, 0.78, 0.37]"
7,9,C13,True,"Yes, because with 7 firms, personalized recommendations reduce expected search costs from 0.04-0.12 to near 0, exceeding the privacy cost of 0.039 and maximizing revenue by minimizing search expenses.",3,"### Decision:  
I'll **purchase Firm 3** (choose number 3) because:  
- The firm offers a positive profit of 0.29, ensuring an immediate gain.  
- With data-shared sorted recommendations by highest valuation, it is likely optimal, and additional search costs of 0.02 offer minimal expected benefit.","C13 Search #1 (Searched:1/7, SearchCost:0.00, BestProfit:0.29@F3) → Purchase F3",0.25,0.039,"[0.78, 0.53, 0.7, 0.94, 0.87, 0.76, 0.72]"
7,9,C14,True,"Yes, because personalized recommendations with 7 firms significantly reduce search costs (likely saving more than 0.049), outweighing the privacy cost and maximizing revenue based on past experiences.",2,"### Decision:  
I'll **purchase Firm 2** (choose number 2) because:  
- The firm offers a positive profit of 0.27, which I can secure immediately as a rational consumer.  
- Additional searches cost 0.02 and are unlikely to improve profit, given personalized recommendations sort firms by decreasing valuation.","C14 Search #1 (Searched:1/7, SearchCost:0.00, BestProfit:0.27@F2) → Purchase F2",0.22,0.049,"[0.71, 0.63, 0.92, 0.04, 0.34, 0.59, 0.2]"
7,9,C15,True,"Yes, because with 7 firms, personalized recommendations significantly reduce expected search costs (e.g., from 0.04–0.12 without sharing to near 0), exceeding the privacy cost of 0.04 and maximizing total revenue by minimizing search expenses.",6,"### Decision:  
I'll **purchase Firm 6** (choose number 6) because:  
- It offers a positive profit of 0.34, which is rational to accept given my behavior.  
- With data-shared recommendations sorted by valuation, further searches are unlikely to yield better profit, and the 0.02 search cost outweighs potential gains.","C15 Search #1 (Searched:1/7, SearchCost:0.00, BestProfit:0.34@F6) → Purchase F6",0.3,0.04,"[0.32, 0.74, 0.36, 0.03, 0.33, 0.79, 0.99]"
7,9,C16,True,"Yes, because with 7 firms, personalized recommendations significantly reduce expected search costs (e.g., from 0.04–0.12 without sharing to near 0), exceeding the privacy cost of 0.036 and maximizing revenue by minimizing search expenses.",4,"### Decision:  
I'll **purchase Firm 4** (choose number 4) because:  
- The firm offers a positive profit of 0.31, and as a rational consumer, I won't leave without buying when such an opportunity exists.  
- Searching further would incur an additional cost of 0.02 with uncertain benefits, likely yielding lower profit due to personalized sorting from highest to lowest value.","C16 Search #1 (Searched:1/7, SearchCost:0.00, BestProfit:0.31@F4) → Purchase F4",0.27,0.036,"[0.24, 0.76, 0.09, 0.65, 0.96, 0.08, 0.79]"
7,9,C17,True,"Yes, because with 7 firms, personalized recommendations will significantly reduce expected search costs (e.g., from 0.04–0.12 to near 0), exceeding the low privacy cost of 0.027 and maximizing revenue.",5,"### Decision:  
I'll **purchase Firm 5** (choose number 5) because:  
- It offers a positive profit of 0.25, ensuring an immediate gain.  
- Further searching costs 0.02 with low expected improvement due to personalized sorting prioritizing higher-value firms first.","C17 Search #1 (Searched:1/7, SearchCost:0.00, BestProfit:0.25@F5) → Purchase F5",0.22,0.027,"[0.88, 0.14, 0.75, 0.56, 0.52, 0.9, 0.59]"
7,9,C18,True,"Yes, because with 7 firms, personalized recommendations significantly reduce expected search costs (e.g., from 0.04–0.12 without sharing to near 0), exceeding the privacy cost of 0.032 and maximizing revenue based on past experience.",6,"### Decision:  
I'll **purchase Firm 6** (choose number 6) because:  
- Firm 6 offers a positive profit of 0.31, which I can secure immediately.  
- With personalized recommendations sorted by highest valuation, it's likely the best option, and further searching would cost 0.02 with minimal expected gain.","C18 Search #1 (Searched:1/7, SearchCost:0.00, BestProfit:0.31@F6) → Purchase F6",0.28,0.032,"[0.67, 0.21, 0.68, 0.67, 0.69, 0.34, 0.96]"
7,9,C19,True,"Yes, because with 7 firms, personalized recommendations significantly reduce expected search costs (e.g., from 0.04–0.12 to near 0), exceeding the privacy cost of 0.035 and maximizing revenue.",1,"### Decision:  
I'll **purchase Firm 1** (choose number 1) because:  
- It offers a positive profit of 0.04, ensuring a gain.  
- With personalized recommendations sorting by highest valuation first, further searches are unlikely to improve profit and would cost 0.02.","C19 Search #1 (Searched:1/7, SearchCost:0.00, BestProfit:0.04@F1) → Purchase F1",0.0,0.035,"[0.58, 0.69, 0.1, 0.6, 0.64, 0.32, 0.3]"
7,9,C20,True,"Yes, because the substantial reduction in search costs from personalized recommendations with 7 firms outweighs the low privacy cost of 0.028, maximizing expected revenue.",4,"### Decision:  
I'll **purchase Firm 4** (choose number 4) because:  
- It offers a positive profit of 0.25, making it rational to buy immediately.  
- With personalized recommendations sorting by highest valuation, additional searches are unlikely to improve profit and would add a search cost of 0.02.","C20 Search #1 (Searched:1/7, SearchCost:0.00, BestProfit:0.25@F4) → Purchase F4",0.22,0.028,"[0.79, 0.83, 0.71, 0.34, 0.9, 0.01, 0.16]"
7,10,C1,True,"Yes, because with 7 firms, personalized recommendations significantly reduce expected search costs (e.g., from 0.04–0.12 to near 0), exceeding the privacy cost of 0.042 and maximizing revenue.",2,"### Decision:
I'll **purchase Firm 2** (choose number 2) because: 
- It offers a positive profit of 0.33, ensuring an immediate gain.
- Additional search costs 0.02 and is unlikely to yield a significantly better deal, given the personalized sorting by decreasing valuation.","C1 Search #1 (Searched:1/7, SearchCost:0.00, BestProfit:0.33@F2) → Purchase F2",0.29,0.042,"[0.57, 0.66, 0.98, 0.94, 0.77, 0.92, 0.03]"
7,10,C2,True,"Yes, because the privacy cost of 0.027 is low compared to the significant expected reduction in search costs (e.g., from 0.04–0.12 without sharing to near 0 with personalized recommendations for 7 firms), maximizing revenue.",4,"### Decision:  
I'll **purchase Firm 4** (choose number 4) because:  
- It offers a positive profit of 0.29, ensuring immediate gain.  
- With personalized sorting from data sharing, additional searches are unlikely to improve outcomes, and the 0.02 search cost outweighs potential benefits.","C2 Search #1 (Searched:1/7, SearchCost:0.00, BestProfit:0.29@F4) → Purchase F4",0.26,0.027,"[0.33, 0.42, 0.39, 0.15, 0.94, 0.41, 0.9]"
7,10,C3,True,"Yes, because with 7 firms, personalized recommendations will significantly reduce expected search costs (e.g., from up to 0.12 to near 0), exceeding my privacy value of 0.029 and maximizing revenue.",5,"### Decision:  
I'll **purchase Firm 5** (choose number 5) because:  
- The firm offers a positive profit of 0.31, ensuring an immediate gain.  
- Additional searching costs 0.02 and is unlikely to yield a better deal due to personalized sorting by valuation.","C3 Search #1 (Searched:1/7, SearchCost:0.00, BestProfit:0.31@F5) → Purchase F5",0.28,0.029,"[0.36, 0.94, 0.26, 0.7, 0.48, 0.96, 0.89]"
7,10,C4,True,"Yes, because with 7 firms, personalized recommendations will significantly reduce expected search costs (e.g., from 0.04–0.12 without sharing to near 0), saving more than the privacy cost of 0.026 and maximizing revenue.",3,"### Decision:  
I'll **purchase Firm 3** (choose number 3) because:  
- It offers a positive profit of 0.21, requiring purchase per rationality to secure gains.  
- Searching another firm costs 0.02 with likely lower profits due to sorted recommendations, making further search uneconomical.","C4 Search #1 (Searched:1/7, SearchCost:0.00, BestProfit:0.21@F3) → Purchase F3",0.18,0.026,"[0.11, 0.68, 0.33, 0.86, 0.35, 0.29, 0.51]"
7,10,C5,True,"Yes, because with 7 firms, personalized recommendations significantly reduce expected search costs (e.g., from 0.04–0.12 without sharing to near 0.00), providing net savings that exceed the privacy cost of 0.026 and maximize revenue.",1,"### Decision:
I'll **purchase Firm 1** (choose number 1) because: 
- It offers a positive profit of 0.30, ensuring immediate net revenue.
- Searching further would cost 0.02 with low expected gain, given personalized sorting prioritizes high-value options.","C5 Search #1 (Searched:1/7, SearchCost:0.00, BestProfit:0.30@F1) → Purchase F1",0.27,0.026,"[0.68, 0.95, 0.39, 0.32, 0.47, 0.31, 0.27]"
7,10,C6,True,"Yes, because with 7 firms, personalized recommendations significantly reduce expected search costs (e.g., from 0.04–0.12 without sharing to near 0), exceeding the privacy cost of 0.04 and maximizing revenue.",4,"### Decision:  
I'll **purchase Firm 4** (choose number 4) because:  
- It offers a positive profit of 0.35, requiring purchase per rational guidelines to avoid leaving without buying.  
- With personalized recommendations sorting highest to lowest value, additional searches are unlikely to improve the deal and would incur unnecessary search costs of 0.02.","C6 Search #1 (Searched:1/7, SearchCost:0.00, BestProfit:0.35@F4) → Purchase F4",0.31,0.04,"[0.23, 0.97, 0.47, 0.01, 1.0, 0.89, 0.59]"
7,10,C7,True,"Yes, because the privacy cost of 0.026 is low compared to the significant reduction in expected search costs (e.g., from up to 0.12 without sharing to near 0 with personalized recommendations), maximizing revenue.",0,"### Decision:
I'll **purchase Firm 0** because: 
- It offers a positive profit of 0.10, which I must buy per rationality constraint.
- Searching another firm costs 0.02 and likely yields lower profit due to the sorted sequence, making it not worthwhile.","C7 Search #1 (Searched:1/7, SearchCost:0.00, BestProfit:0.10@F0) → Purchase F0",0.07,0.026,"[0.75, 0.64, 0.38, 0.62, 0.27, 0.57, 0.68]"
7,10,C8,True,"Yes, because with 7 firms, personalized recommendations significantly reduce expected search costs (e.g., from 0.04–0.12 to near 0), exceeding the privacy cost of 0.042 and maximizing revenue.",2,"### Decision:  
I'll **purchase Firm 2** (choose number 2) because:  
- It offers a positive profit of 0.34, ensuring a net gain.  
- Additional search costs 0.02 and is unlikely to yield a better deal due to personalized sorting from highest to lowest valuation.","C8 Search #1 (Searched:1/7, SearchCost:0.00, BestProfit:0.34@F2) → Purchase F2",0.3,0.042,"[0.67, 0.61, 0.99, 0.16, 0.32, 0.6, 0.46]"
7,10,C9,True,"Yes, because with 7 firms, personalized recommendations significantly reduce expected search costs (e.g., from 0.04–0.12 to near 0), easily outweighing the low privacy cost of 0.026 and maximizing revenue.",5,"### Decision:  
I'll **purchase Firm 5** (choose number 5) because:  
- It offers a positive profit of 0.25, ensuring an immediate gain.  
- Additional search costs 0.02 and is unlikely to yield a better deal, given personalized sorting by valuation from highest to lowest.","C9 Search #1 (Searched:1/7, SearchCost:0.00, BestProfit:0.25@F5) → Purchase F5",0.22,0.026,"[0.75, 0.03, 0.17, 0.12, 0.64, 0.9, 0.57]"
7,10,C10,True,"Yes, because with 7 firms, personalized recommendations significantly reduce expected search costs (e.g., from 0.04–0.12 to near 0), exceeding my privacy value of 0.037 and maximizing revenue based on past experiences and broadcast insights.",1,"### Decision:  
I'll **purchase Firm 1** (choose number 1) because:  
- The firm offers a positive profit of 0.23, so I won't leave without buying.  
- With data sharing and sorting by highest valuation, additional searches are unlikely to yield better profit, and the 0.02 search cost would reduce net revenue.","C10 Search #1 (Searched:1/7, SearchCost:0.00, BestProfit:0.23@F1) → Purchase F1",0.19,0.037,"[0.56, 0.88, 0.62, 0.03, 0.68, 0.02, 0.73]"
7,10,C11,True,"Yes, because with 7 firms, personalized recommendations will reduce expected search costs (e.g., from 0.04–0.12 without sharing to near 0), exceeding the privacy cost of 0.031 and maximizing revenue based on past benefits.",2,"### Decision:  
I'll **purchase Firm 2** (choose number 2) because:  
- It offers a positive profit of 0.05 with no additional search cost.  
- Further searches cost 0.02 and are unlikely to yield better profits due to the descending valuation order from personalized recommendations.","C11 Search #1 (Searched:1/7, SearchCost:0.00, BestProfit:0.05@F2) → Purchase F2",0.02,0.031,"[0.05, 0.18, 0.7, 0.1, 0.05, 0.56, 0.55]"
7,10,C12,True,"Yes, because with 7 firms, personalized recommendations will likely reduce search costs to nearly zero (saving more than the privacy cost of 0.049), maximizing total revenue by minimizing expenses and ensuring a high-value first search.",0,"### Decision:
I'll **purchase Firm 0** (choose number 0) because: 
- The firm offers a positive profit of 0.23, ensuring a gain and adhering to rational behavior by not leaving without buying.
- Additional search costs 0.02 and is likely to yield lower profit due to decreasing valuation order in personalized recommendations, making it unjustified.","C12 Search #1 (Searched:1/7, SearchCost:0.00, BestProfit:0.23@F0) → Purchase F0",0.18,0.049,"[0.88, 0.31, 0.84, 0.59, 0.64, 0.78, 0.37]"
7,10,C13,True,"Yes, because with 7 firms, personalized recommendations significantly reduce expected search costs (e.g., from 0.04–0.12 to near 0), outweighing the privacy cost of 0.039 and maximizing revenue, as supported by historical outcomes.",3,"### Decision:  
I'll **purchase Firm 3** (choose number 3) because:  
- The firm offers a positive profit of 0.29, ensuring an immediate gain.  
- With data-shared sorted recommendations by highest valuation, it is likely optimal, and additional search costs of 0.02 offer minimal expected benefit.","C13 Search #1 (Searched:1/7, SearchCost:0.00, BestProfit:0.29@F3) → Purchase F3",0.25,0.039,"[0.78, 0.53, 0.7, 0.94, 0.87, 0.76, 0.72]"
7,10,C14,True,"Yes, because with 7 firms, personalized recommendations significantly reduce expected search costs (likely saving more than 0.049), outweighing the privacy cost and maximizing revenue based on past experiences.",2,"### Decision:  
I'll **purchase Firm 2** (choose number 2) because:  
- The firm offers a positive profit of 0.27, which I can secure immediately as a rational consumer.  
- Additional searches cost 0.02 and are unlikely to improve profit significantly, given personalized recommendations sort firms by decreasing valuation.","C14 Search #1 (Searched:1/7, SearchCost:0.00, BestProfit:0.27@F2) → Purchase F2",0.22,0.049,"[0.71, 0.63, 0.92, 0.04, 0.34, 0.59, 0.2]"
7,10,C15,True,"Yes, because with 7 firms, personalized recommendations significantly reduce expected search costs (e.g., from 0.04–0.12 to near 0), exceeding the privacy cost of 0.04 and maximizing total revenue by minimizing search expenses.",6,"### Decision:  
I'll **purchase Firm 6** (choose number 6) because:  
- It offers a positive profit of 0.34, which is rational to accept.  
- With data-shared recommendations sorted by valuation, further searches are unlikely to yield better profit, and the 0.02 search cost outweighs potential gains.","C15 Search #1 (Searched:1/7, SearchCost:0.00, BestProfit:0.34@F6) → Purchase F6",0.3,0.04,"[0.32, 0.74, 0.36, 0.03, 0.33, 0.79, 0.99]"
7,10,C16,True,"Yes, because with 7 firms, personalized recommendations significantly reduce expected search costs (e.g., from 0.04–0.12 to near 0), providing savings that exceed the privacy cost of 0.036 and maximize revenue.",4,"### Decision:  
I'll **purchase Firm 4** (choose number 4) because:  
- The firm offers a positive profit of 0.31, and as a rational consumer, I won't leave without buying when such an opportunity exists.  
- Searching further would incur an additional cost of 0.02 with uncertain benefits, likely yielding lower profit due to personalized sorting from highest to lowest value.","C16 Search #1 (Searched:1/7, SearchCost:0.00, BestProfit:0.31@F4) → Purchase F4",0.27,0.036,"[0.24, 0.76, 0.09, 0.65, 0.96, 0.08, 0.79]"
7,10,C17,True,"Yes, because with 7 firms, personalized recommendations will likely reduce search costs significantly (e.g., from 0.04–0.12 to near 0), exceeding the 0.027 privacy cost and maximizing revenue.",5,"### Decision:  
I'll **purchase Firm 5** (choose number 5) because:  
- It offers a positive profit of 0.25, ensuring an immediate gain.  
- Further searching costs 0.02 with low expected improvement due to personalized sorting prioritizing higher-value firms first.","C17 Search #1 (Searched:1/7, SearchCost:0.00, BestProfit:0.25@F5) → Purchase F5",0.22,0.027,"[0.88, 0.14, 0.75, 0.56, 0.52, 0.9, 0.59]"
7,10,C18,True,"Yes, because with 7 firms, personalized recommendations significantly reduce expected search costs (e.g., from 0.04–0.12 without sharing to near 0), outweighing the privacy cost of 0.032 and maximizing revenue based on past experience.",6,"### Decision:  
I'll **purchase Firm 6** (choose number 6) because:  
- Firm 6 offers a positive profit of 0.31, which I can secure immediately.  
- With personalized recommendations sorted by highest valuation, it's likely the best option, and further searching would cost 0.02 with minimal expected gain.","C18 Search #1 (Searched:1/7, SearchCost:0.00, BestProfit:0.31@F6) → Purchase F6",0.28,0.032,"[0.67, 0.21, 0.68, 0.67, 0.69, 0.34, 0.96]"
7,10,C19,True,"Yes, because with 7 firms, personalized recommendations will significantly reduce expected search costs (e.g., from 0.04–0.12 without sharing to near 0), exceeding the privacy cost of 0.035 and maximizing revenue based on past experiences.",1,"### Decision:  
I'll **purchase Firm 1** (choose number 1) because:  
- It offers a positive profit of 0.04, ensuring a gain.  
- With personalized recommendations sorting by highest valuation first, further searches are unlikely to improve profit and would cost 0.02.","C19 Search #1 (Searched:1/7, SearchCost:0.00, BestProfit:0.04@F1) → Purchase F1",0.0,0.035,"[0.58, 0.69, 0.1, 0.6, 0.64, 0.32, 0.3]"
7,10,C20,True,"Yes, because the substantial reduction in expected search costs from personalized recommendations with 7 firms outweighs the low privacy cost of 0.028, maximizing revenue.",4,"### Decision:  
I'll **purchase Firm 4** (choose number 4) because:  
- It offers a positive profit of 0.25, making it rational to buy immediately.  
- With personalized recommendations sorting by highest valuation, additional searches are unlikely to improve profit and would incur a search cost of 0.02.","C20 Search #1 (Searched:1/7, SearchCost:0.00, BestProfit:0.25@F4) → Purchase F4",0.22,0.028,"[0.79, 0.83, 0.71, 0.34, 0.9, 0.01, 0.16]"
